#      theta/pi                     QFI                     CFI

6.510000000000001341e-01 1.806818041289943153e+02 1.389639954607540346e+02
6.520000000000000240e-01 1.815661687918861844e+02 1.419348162085095453e+02
6.529999999999999138e-01 1.824613539639189241e+02 1.448141159240312561e+02
6.540000000000000258e-01 1.833675643909329267e+02 1.475151259194255431e+02
6.550000000000000266e-01 1.842850103195762017e+02 1.499881423495170623e+02
6.560000000000000275e-01 1.852139076641930160e+02 1.522083162859408390e+02
6.570000000000000284e-01 1.861544781659736714e+02 1.541653672313068455e+02
6.580000000000000293e-01 1.871069495451746718e+02 1.558557238866453645e+02
6.590000000000000302e-01 1.880715556494693317e+02 1.572766898228181560e+02
6.600000000000000311e-01 1.890485365945592946e+02 1.584220391691584666e+02
6.610000000000000320e-01 1.900381389049207428e+02 1.592788669451112469e+02
6.620000000000001439e-01 1.910406156568007248e+02 1.598259777349219632e+02
6.630000000000000338e-01 1.920562266262077173e+02 1.600339701032178255e+02
6.639999999999999236e-01 1.930852384500859955e+02 1.598669860505401914e+02
6.650000000000000355e-01 1.941279248049035289e+02 1.592866827004669972e+02
6.660000000000000364e-01 1.951845666138566457e+02 1.582599870072399142e+02
6.670000000000000373e-01 1.962554522830074575e+02 1.567726847151434981e+02
6.680000000000000382e-01 1.973408779816515164e+02 1.548501589577076913e+02
6.690000000000000391e-01 1.984411479740257960e+02 1.525839136383973766e+02
6.700000000000000400e-01 1.995565750027615195e+02 1.501573474329431690e+02
6.710000000000001519e-01 2.006874807410905248e+02 1.478576623588382972e+02
6.720000000000000417e-01 2.018341963135346191e+02 1.460562371712515244e+02
6.729999999999999316e-01 2.029970628889484203e+02 1.451425037481376989e+02
6.740000000000000435e-01 2.041764323534290781e+02 1.454158674428549602e+02
6.750000000000000444e-01 2.053726680570639473e+02 1.469788477650295704e+02
6.760000000000000453e-01 2.065861456388809074e+02 1.496977558326069300e+02
6.770000000000000462e-01 2.078172539196067987e+02 1.532606912075746948e+02
6.780000000000000471e-01 2.090663958596696830e+02 1.572925961152308219e+02
6.790000000000000480e-01 2.103339895706110667e+02 1.614580050339762636e+02
6.800000000000001599e-01 2.116204693704585793e+02 1.655121183853839284e+02
6.810000000000000497e-01 2.129262868666812665e+02 1.693036089699786260e+02
6.819999999999999396e-01 2.142519120558380621e+02 1.727518475329740966e+02
6.830000000000000515e-01 2.155978344259261235e+02 1.758193788945280289e+02
6.840000000000000524e-01 2.169645640446454706e+02 1.784906824597151171e+02
6.850000000000000533e-01 2.183526326270107063e+02 1.807582667539985266e+02
6.860000000000000542e-01 2.197625945716905278e+02 1.826132966640127790e+02
6.870000000000000551e-01 2.211950279665705921e+02 1.840391973319468661e+02
6.880000000000000560e-01 2.226505355616941983e+02 1.850079239088973395e+02
6.890000000000001679e-01 2.241297457272645772e+02 1.854791466635163601e+02
6.900000000000000577e-01 2.256333134093074193e+02 1.854034837739913826e+02
6.909999999999999476e-01 2.271619211197100299e+02 1.847320030635672765e+02
6.920000000000000595e-01 2.287162799911891966e+02 1.834342566902268175e+02
6.930000000000000604e-01 2.302971309504625594e+02 1.815239594531622345e+02
6.940000000000000613e-01 2.319052460715827522e+02 1.790850633939047611e+02
6.950000000000000622e-01 2.335414301695929851e+02 1.762903184737373010e+02
6.960000000000000631e-01 2.352065227136519923e+02 1.734194066495170716e+02
6.970000000000000639e-01 2.369014001330156987e+02 1.708887338402543605e+02
6.980000000000001759e-01 2.386269786048324306e+02 1.692569920194062831e+02
6.990000000000000657e-01 2.403842173896699137e+02 1.691198596903559803e+02
6.999999999999999556e-01 2.421741227950018072e+02 1.708740328296071596e+02
7.010000000000000675e-01 2.439977528247874545e+02 1.745011002611763899e+02
7.020000000000000684e-01 2.458562225590611945e+02 1.795658787426884828e+02
7.030000000000000693e-01 2.477507102966927448e+02 1.854293766010683839e+02
7.040000000000000702e-01 2.496824644568190763e+02 1.914927858939697956e+02
7.050000000000000711e-01 2.516528112289589956e+02 1.973270179410575906e+02
7.060000000000000719e-01 2.536631629206949583e+02 2.026817433339669776e+02
7.070000000000001839e-01 2.557150269354740715e+02 2.074360438632144223e+02
7.080000000000000737e-01 2.578100152879719644e+02 2.115414294392314787e+02
7.089999999999999636e-01 2.599498545569495036e+02 2.149770465133964024e+02
7.100000000000000755e-01 2.621363961591529232e+02 2.177213328367695624e+02
7.110000000000000764e-01 2.643716268493178063e+02 2.197435136454563462e+02
7.120000000000000773e-01 2.666576793597038773e+02 2.210159822073404428e+02
7.130000000000000782e-01 2.689968431442451333e+02 2.215484925419218030e+02
7.140000000000000790e-01 2.713915752523321885e+02 2.214131886087075998e+02
7.150000000000000799e-01 2.738445114399017370e+02 2.206922079111033668e+02
7.160000000000000808e-01 2.763584777361968463e+02 2.193617882641680410e+02
7.170000000000000817e-01 2.789365028076700241e+02 2.172516099442045174e+02
7.180000000000001936e-01 2.815818316197410809e+02 2.142473892749488584e+02
7.190000000000000835e-01 2.842979410370116398e+02 2.106725387538736811e+02
7.199999999999999734e-01 2.870885581934570041e+02 2.075638959640286316e+02
7.210000000000000853e-01 2.899576826011712569e+02 2.065250995383829888e+02
7.220000000000000862e-01 2.929096131324999419e+02 2.089455165360257638e+02
7.230000000000000870e-01 2.959489811110971687e+02 2.150413364230048217e+02
7.240000000000000879e-01 2.990807908288384169e+02 2.237296087578123718e+02
7.250000000000000888e-01 3.023104688140262510e+02 2.334552106400519449e+02
7.259999999999999787e-01 3.056439231237709464e+02 2.429831174506653326e+02
7.270000000000002016e-01 3.090876137879113230e+02 2.515865596330331755e+02
7.279999999999999805e-01 3.126486353222074399e+02 2.589618274943740630e+02
7.289999999999999813e-01 3.163348119343995677e+02 2.651034971737598767e+02
7.299999999999999822e-01 3.201548056778989348e+02 2.702949304666272496e+02
7.310000000000000941e-01 3.241182374630733989e+02 2.749783583807064247e+02
7.319999999999999840e-01 3.282358204818423246e+02 2.790371824857957108e+02
7.330000000000000959e-01 3.325195053819382451e+02 2.817159828906787311e+02
7.339999999999999858e-01 3.369826365181065739e+02 2.823604160467893394e+02
7.350000000000000977e-01 3.416401189619893444e+02 2.805251426897842180e+02
7.359999999999999876e-01 3.465085967832818596e+02 2.760707972260025258e+02
7.370000000000000995e-01 3.516066446668794470e+02 2.700608346076181761e+02
7.379999999999999893e-01 3.569549773485687183e+02 2.662238870590709325e+02
7.390000000000001013e-01 3.625766848554062562e+02 2.701049818896140096e+02
7.400000000000001021e-01 3.684975063040793657e+02 2.836180139768864592e+02
7.410000000000001030e-01 3.747461611869177887e+02 3.027854646113678996e+02
7.419999999999998819e-01 3.813547646649975604e+02 3.216109919335663108e+02
7.430000000000001048e-01 3.883593623487541890e+02 3.375065630898586164e+02
7.439999999999999947e-01 3.958006300208385824e+02 3.503846602320012948e+02
7.450000000000002176e-01 4.037247941508006193e+02 3.604963333464012294e+02
7.459999999999999964e-01 4.121848388303118895e+02 3.679290297970437678e+02
7.469999999999999973e-01 4.212420724053243362e+02 3.718577597181264309e+02
7.479999999999999982e-01 4.309681302563644749e+02 3.697971160524855918e+02
7.490000000000001101e-01 4.414474859288640118e+02 3.637597735527428995e+02
7.500000000000000000e-01 4.527805268820197284e+02 3.763581041478234965e+02
7.509999999999998899e-01 4.650872183542133484e+02 4.157976677686435778e+02
7.520000000000000018e-01 4.785113225081149153e+02 4.485736870844199871e+02
7.530000000000000027e-01 4.932250522651176539e+02 4.686722119782240270e+02
7.540000000000000036e-01 5.094339108423319544e+02 4.776204848752514636e+02
7.550000000000000044e-01 5.273812891731013224e+02 4.952892262604195253e+02
7.560000000000000053e-01 5.473521548759870257e+02 5.672672867915042616e+02
7.570000000000000062e-01 5.696748618974232841e+02 5.812117641882609860e+02
7.580000000000001181e-01 5.947197405210956731e+02 6.395251191241212609e+02
7.590000000000000080e-01 6.228927086744664621e+02 6.898747892538526685e+02
7.599999999999998979e-01 6.546217189281467199e+02 7.131320757684234195e+02
7.610000000000000098e-01 6.903335038942552728e+02 7.409389758115382847e+02
7.620000000000000107e-01 7.304179487441284664e+02 7.811720274463552869e+02
7.630000000000000115e-01 7.751777226941085246e+02 8.279711171650859569e+02
7.640000000000000124e-01 8.247618411266142857e+02 8.803780325833164397e+02
7.650000000000000133e-01 8.790839554740329049e+02 9.377732039640021640e+02
7.660000000000000142e-01 9.377296831898090659e+02 9.993289557496362931e+02
7.670000000000001261e-01 9.998622693681073770e+02 1.063809971651797241e+03
7.680000000000000160e-01 1.064141880205876532e+03 1.129470592637635491e+03
7.689999999999999059e-01 1.128679617159116333e+03 1.194022986114198602e+03
7.700000000000000178e-01 1.191050688320823156e+03 1.254687309759145364e+03
7.710000000000000187e-01 1.248389165145135394e+03 1.308337747246135905e+03
7.720000000000000195e-01 1.297576756627314580e+03 1.351745956745720832e+03
7.730000000000000204e-01 1.335519354590434205e+03 1.381901480659070103e+03
7.740000000000000213e-01 1.359480685746283370e+03 1.396363538238430920e+03
7.750000000000000222e-01 1.367419346887427764e+03 1.393579753964751035e+03
7.760000000000001341e-01 1.358263199657968016e+03 1.373104257950539932e+03
7.770000000000000240e-01 1.332061057677160761e+03 1.335665003706023981e+03
7.779999999999999138e-01 1.289976819298712826e+03 1.283064480238104352e+03
7.790000000000000258e-01 1.234128334569576282e+03 1.217937821292416174e+03
7.800000000000000266e-01 1.167309397247304105e+03 1.143423510549431512e+03
7.810000000000000275e-01 1.092655939571183808e+03 1.062814617343576401e+03
7.820000000000000284e-01 1.013320747296959325e+03 9.792511289402639250e+02
7.830000000000000293e-01 9.322070507494840967e+02 8.954928190828405832e+02
7.840000000000000302e-01 8.517881846088216662e+02 8.137867573665292866e+02
7.850000000000000311e-01 7.740172271892830622e+02 7.358223480245510473e+02
7.860000000000000320e-01 7.003134743389485948e+02 6.627539395935780249e+02
7.870000000000001439e-01 6.316040119667484305e+02 5.952667674391644823e+02
7.880000000000000338e-01 5.683974539259153289e+02 5.336639597210848933e+02
7.889999999999999236e-01 5.108704473461976932e+02 4.779575838925575226e+02
7.900000000000000355e-01 4.589530793148925909e+02 4.279527089380768530e+02
7.910000000000000364e-01 4.124048591434905120e+02 3.833186918315690832e+02
7.920000000000000373e-01 3.708774373936271331e+02 3.436458060115613193e+02
7.930000000000000382e-01 3.339633312691956917e+02 3.084877295541205626e+02
7.940000000000000391e-01 3.012317706246637954e+02 2.773917341990421050e+02
7.950000000000000400e-01 2.722536601801256779e+02 2.499188899132531674e+02
7.960000000000001519e-01 2.466178960900200536e+02 2.256565921177766825e+02
7.970000000000000417e-01 2.239411488499666518e+02 2.042254530313694261e+02
7.979999999999999316e-01 2.038729227418278640e+02 1.852822338005894096e+02
7.990000000000000435e-01 1.860973467661399354e+02 1.685201225286361080e+02
8.000000000000000444e-01 1.703328114585094966e+02 1.536673307694303787e+02

