#      theta/pi                     QFI                     CFI

9.010000000000001341e-02 2.881040523732943711e+03 2.871295756128286030e+03
9.019999999999998852e-02 2.921955731546342122e+03 2.912823841076768076e+03
9.030000000000000526e-02 2.963756258414131480e+03 2.955248923212003774e+03
9.039999999999998037e-02 3.006463880221388536e+03 2.998593412324320980e+03
9.049999999999998324e-02 3.050102393607578961e+03 3.042881468836384556e+03
9.059999999999999998e-02 3.094695835385419286e+03 3.088137637519750569e+03
9.070000000000000284e-02 3.140269343559530171e+03 3.134387512350151610e+03
9.079999999999999183e-02 3.186849078359080522e+03 3.181658089833576014e+03
9.089999999999999469e-02 3.234462267737381808e+03 3.229977174519037817e+03
9.099999999999999756e-02 3.283137511780922523e+03 3.279374026339743068e+03
9.110000000000000042e-02 3.332904766803406346e+03 3.329879723245829609e+03
9.120000000000000329e-02 3.383795692923608840e+03 3.381526800205520885e+03
9.129999999999999227e-02 3.435843859762961984e+03 3.434349977906600088e+03
9.139999999999999514e-02 3.489084930774715303e+03 3.488386129020662338e+03
9.149999999999999800e-02 3.543557158929449542e+03 3.543675299433235978e+03
9.160000000000000087e-02 3.599301954267638848e+03 3.600260574839585843e+03
9.170000000000000373e-02 3.656363884165125000e+03 3.658188504386987461e+03
9.179999999999999272e-02 3.714791841033082619e+03 3.717510745949475677e+03
9.189999999999999558e-02 3.774639564717450412e+03 3.778283836846153918e+03
9.199999999999999845e-02 3.835966454386839814e+03 3.840570521722589092e+03
9.210000000000000131e-02 3.898838855992909430e+03 3.904441579303938852e+03
9.220000000000001805e-02 3.963331196754542816e+03 3.969976201884899183e+03
9.229999999999999316e-02 4.029527651216075355e+03 4.037264292629612555e+03
9.239999999999999603e-02 4.097523964898262420e+03 4.106408894608544870e+03
9.250000000000001277e-02 4.167429760887499469e+03 4.177527826931749587e+03
9.259999999999998788e-02 4.239371234332492349e+03 4.250757151959992370e+03
9.270000000000000462e-02 4.313494400958800725e+03 4.326255109879163683e+03
9.279999999999997973e-02 4.389969026205489172e+03 4.404205476681866458e+03
9.289999999999998259e-02 4.468993369340900244e+03 4.484823913320018619e+03
9.299999999999999933e-02 4.550799559578234039e+03 4.568362723801991706e+03
9.310000000000000220e-02 4.635660698755011254e+03 4.655119806424090712e+03
9.319999999999999118e-02 4.723898521468057879e+03 4.745445933228935246e+03
9.329999999999999405e-02 4.815893281323014889e+03 4.839756556834460753e+03
9.339999999999999691e-02 4.912095075942063886e+03 4.938543921434040385e+03
9.349999999999999978e-02 5.013037654723326341e+03 5.042391620759667603e+03
9.360000000000000264e-02 5.119354687911502879e+03 5.151993414590132488e+03
9.369999999999999163e-02 5.231799439737500506e+03 5.268174361861880243e+03
9.379999999999999449e-02 5.351267772873579815e+03 5.391915519281212255e+03
9.389999999999999736e-02 5.478825867820094572e+03 5.524385172887030421e+03
9.400000000000000022e-02 5.615743115927423787e+03 5.666974268805644897e+03
9.410000000000000309e-02 5.763530799424711404e+03 5.821338818899320358e+03
9.419999999999999207e-02 5.923988243231831802e+03 5.989450476614345462e+03
9.429999999999999494e-02 6.099257162035050897e+03 6.173655150576988490e+03
9.439999999999999780e-02 6.291885678649993679e+03 6.376743635528545383e+03
9.450000000000000067e-02 6.504903542124474370e+03 6.602032832433867043e+03
9.460000000000001741e-02 6.741910035980901739e+03 6.853461271672608746e+03
9.469999999999999252e-02 7.007176628485151923e+03 7.135700216402887236e+03
9.479999999999999538e-02 7.305765647763219022e+03 7.454281727343576677e+03
9.490000000000001212e-02 7.643666864369911309e+03 7.815745485459069641e+03
9.499999999999998723e-02 8.027953525263134907e+03 8.227805719939704431e+03
9.510000000000000397e-02 8.466958507468072639e+03 8.699538516948216056e+03
9.520000000000000684e-02 8.970470108933974188e+03 9.241588287834721996e+03
9.529999999999998195e-02 9.549945801539684908e+03 9.866390706364098151e+03
9.539999999999999869e-02 1.021874214460432995e+04 1.058840901928857602e+04
9.550000000000000155e-02 1.099234774001807091e+04 1.142436762805873695e+04
9.559999999999999054e-02 1.188861384032355272e+04 1.239347527461571190e+04
9.569999999999999341e-02 1.292795717968119789e+04 1.351760724648253927e+04
9.579999999999999627e-02 1.413350749070346137e+04 1.482141340748215407e+04
9.589999999999999913e-02 1.553116271531187158e+04 1.633230817471703085e+04
9.600000000000000200e-02 1.714948582808210995e+04 1.808026592146870826e+04
9.609999999999999098e-02 1.901937895235585165e+04 2.009734839860607826e+04
9.619999999999999385e-02 2.117342866864742973e+04 2.241684548674471807e+04
9.629999999999999671e-02 2.364481131248441307e+04 2.507190886095859969e+04
9.639999999999999958e-02 2.646562700550425870e+04 2.809354172982575619e+04
9.650000000000000244e-02 2.966451555415425901e+04 3.150779998017648541e+04
9.659999999999999143e-02 3.326344590840558521e+04 3.533211727898960817e+04
9.669999999999999429e-02 3.727360877586407878e+04 3.957072672586911358e+04
9.679999999999999716e-02 4.169045366688035574e+04 4.420929675249056891e+04
9.690000000000000002e-02 4.648809479020170693e+04 4.920912116301815695e+04
9.700000000000001676e-02 5.161355979294873396e+04 5.450148781181975210e+04
9.709999999999999187e-02 5.698164199716709845e+04 5.998315166417921864e+04
9.719999999999999474e-02 6.247146078662487707e+04 6.551416240367610590e+04
9.730000000000001148e-02 6.792605163869983517e+04 7.091942696259646618e+04
9.739999999999998659e-02 7.315625495088678144e+04 7.599517186956926889e+04
9.750000000000000333e-02 7.794995632172039768e+04 8.052104816096827562e+04
9.760000000000000620e-02 8.208673321627394762e+04 8.427738654303300427e+04
9.769999999999998130e-02 8.535706237045586749e+04 8.706609429003838159e+04
9.779999999999999805e-02 8.758359898697267636e+04 8.873206956596755481e+04
9.790000000000000091e-02 8.864133198208059184e+04 8.918160263547328941e+04
9.800000000000000377e-02 8.847276763905295229e+04 8.839403601660163258e+04
9.809999999999999276e-02 8.709515669249252824e+04 8.642433608199123410e+04
9.819999999999999563e-02 8.459817353148455732e+04 8.339596679827936168e+04
9.829999999999999849e-02 8.113259546325380506e+04 7.948563917219823634e+04
9.840000000000000135e-02 7.689231020299227384e+04 7.490300783695399878e+04
9.850000000000000422e-02 7.209323349903630151e+04 6.986915385289648839e+04
9.859999999999999321e-02 6.695268057411500195e+04 6.459717115191331686e+04
9.869999999999999607e-02 6.167221587334209471e+04 5.927731671879418718e+04
9.879999999999999893e-02 5.642557589971941343e+04 5.406766038832838967e+04
9.890000000000000180e-02 5.135209864542879222e+04 4.909009821297111193e+04
9.900000000000000466e-02 4.655502829290936643e+04 4.443073349185151892e+04
9.909999999999999365e-02 4.210352538927256683e+04 4.014330553079546371e+04
9.919999999999999651e-02 3.803704233978679258e+04 3.625434528832105570e+04
9.929999999999999938e-02 3.437082137304682692e+04 3.276893690151048941e+04
9.940000000000000224e-02 3.110160484010776054e+04 2.967632808481403481e+04
9.950000000000001898e-02 2.821292960380874138e+04 2.695490948591563574e+04
9.959999999999999409e-02 2.567965279337623724e+04 2.457632963346615361e+04
9.970000000000001084e-02 2.347160777663143381e+04 2.250872367319589830e+04
9.979999999999998594e-02 2.155638451668792550e+04 2.071910151607639636e+04
9.989999999999998881e-02 1.990133931022840625e+04 1.917502371190777922e+04
1.000000000000000056e-01 1.847496898068515657e+04 1.784570683789173927e+04
1.000999999999999807e-01 1.724777334899214839e+04 1.670268064600657090e+04
1.001999999999999974e-01 1.619274469656464498e+04 1.572012613084462646e+04
1.003000000000000003e-01 1.528557600423249278e+04 1.487497800448421185e+04
1.004000000000000031e-01 1.450468725756675485e+04 1.414687948119615976e+04
1.005000000000000060e-01 1.383112579223634384e+04 1.351803778264874018e+04
1.005999999999999950e-01 1.324839191197536638e+04 1.297302402536773116e+04
1.006999999999999978e-01 1.274222596421285925e+04 1.249854786538995359e+04
1.008000000000000007e-01 1.230037903614060633e+04 1.208322487380433995e+04
1.009000000000000036e-01 1.191238372956382045e+04 1.171734984742504457e+04
1.010000000000000064e-01 1.156933611907726663e+04 1.139268469833781091e+04
1.010999999999999954e-01 1.126369162452798082e+04 1.110226240517824408e+04
1.011999999999999983e-01 1.098908131950075040e+04 1.084021201018131796e+04
1.013000000000000012e-01 1.074014708626075662e+04 1.060160267631756869e+04
1.014000000000000040e-01 1.051239560803274253e+04 1.038230627590323820e+04
1.014999999999999930e-01 1.030207196829419809e+04 1.017887886536226142e+04
1.015999999999999959e-01 1.010604803557431296e+04 9.988456425856080386e+03
1.016999999999999987e-01 9.921727684871610109e+03 9.808666498998822135e+03
1.018000000000000016e-01 9.746964351315824388e+03 9.637551505003875718e+03
1.019000000000000183e-01 9.579991133722440281e+03 9.473503827824160908e+03
1.019999999999999934e-01 9.419360234324962221e+03 9.315209666279146404e+03
1.021000000000000102e-01 9.263892393637177520e+03 9.161602178371575064e+03
1.021999999999999853e-01 9.112632865999243222e+03 9.011820753594758571e+03
1.022999999999999882e-01 8.964815155045638676e+03 8.865177463378036919e+03
1.024000000000000049e-01 8.819829203669889466e+03 8.721127675092611753e+03
1.024999999999999800e-01 8.677195440640383822e+03 8.579246080095308571e+03
1.025999999999999968e-01 8.536541854581624648e+03 8.439205537650159386e+03
1.026999999999999996e-01 8.397585889157800921e+03 8.300760371392370871e+03
1.028000000000000025e-01 8.260117666262282000e+03 8.163730913147021056e+03
1.028999999999999915e-01 8.123987312233961347e+03 8.027991819648353157e+03
1.029999999999999943e-01 7.989093188310554979e+03 7.893461251694596285e+03
1.030999999999999972e-01 7.855372712138086172e+03 7.760092422433320280e+03
1.032000000000000001e-01 7.722794317863655124e+03 7.627866220522167168e+03
1.033000000000000029e-01 7.591350715598928218e+03 7.496785025524351113e+03
1.033999999999999919e-01 7.461053604134954185e+03 7.366867864480993376e+03
1.034999999999999948e-01 7.331928803713811249e+03 7.238145958617610631e+03
1.035999999999999976e-01 7.204012627552850972e+03 7.110659419583677845e+03
1.037000000000000005e-01 7.077348636970301413e+03 6.984454289305369457e+03
1.038000000000000034e-01 6.951985178508179160e+03 6.859580312457666878e+03
1.038999999999999924e-01 6.827972904123331318e+03 6.736088630310417102e+03
1.039999999999999952e-01 6.705363762902546114e+03 6.614031128806001107e+03
1.040999999999999981e-01 6.584208908742582025e+03 6.493458166162951784e+03
1.042000000000000010e-01 6.464558165693932096e+03 6.374418392785536525e+03
1.043000000000000177e-01 6.346458895469942945e+03 6.256957669092674223e+03
1.043999999999999928e-01 6.229955334507991211e+03 6.141118484800978877e+03
1.045000000000000095e-01 6.115088478708639741e+03 6.026939853616932851e+03
1.046000000000000124e-01 6.001895408847440194e+03 5.914456913450253523e+03
1.046999999999999875e-01 5.890409121341812352e+03 5.803700486091522180e+03
1.048000000000000043e-01 5.780658662234573967e+03 5.694697412290557622e+03
1.048999999999999794e-01 5.672668805376097225e+03 5.587470446643122159e+03
1.049999999999999961e-01 5.566460192144780194e+03 5.482038047515167818e+03
1.050999999999999990e-01 5.462049416344827478e+03 5.378414697543184047e+03
1.052000000000000018e-01 5.359449330766079584e+03 5.276611359882392208e+03
1.053000000000000047e-01 5.258668697293379410e+03 5.176634768512545634e+03
1.053999999999999937e-01 5.159712713702077053e+03 5.078488416220434374e+03
1.054999999999999966e-01 5.062583429309797793e+03 4.982172494048153567e+03
1.055999999999999994e-01 4.967279327250374081e+03 4.887683974723968277e+03
1.057000000000000023e-01 4.873795974062470123e+03 4.795016782095442068e+03
1.058000000000000052e-01 4.782126130819819082e+03 4.704162302990795979e+03
1.058999999999999941e-01 4.692260076276445943e+03 4.615109552871549567e+03
1.059999999999999970e-01 4.604185292639583167e+03 4.527844679265316699e+03
1.060999999999999999e-01 4.517887637764701140e+03 4.442352517407303822e+03
1.062000000000000027e-01 4.433350267658312987e+03 4.358615102965153710e+03
1.063000000000000056e-01 4.350555403029468835e+03 4.276613754350989439e+03
1.063999999999999946e-01 4.269482521900213214e+03 4.196327121765821175e+03
1.064999999999999974e-01 4.190110837632708353e+03 4.117733691530397664e+03
1.066000000000000003e-01 4.112417093184255464e+03 4.040809437452519887e+03
1.067000000000000171e-01 4.036377802655310006e+03 3.965530307680855913e+03
1.067999999999999922e-01 3.961968306547430075e+03 3.891871103395206774e+03
1.069000000000000089e-01 3.889162682338938339e+03 3.819805492093400062e+03
1.070000000000000118e-01 3.817934705506389037e+03 3.749306742169346762e+03
1.070999999999999869e-01 3.748257474548870050e+03 3.680347650604985120e+03
1.072000000000000036e-01 3.680103090101562429e+03 3.612900038541286449e+03
1.073000000000000065e-01 3.613444667365936766e+03 3.546936750894166835e+03
1.073999999999999955e-01 3.548252646858375101e+03 3.482428120905728520e+03
1.074999999999999983e-01 3.484499854710330965e+03 3.419346696966674699e+03
1.076000000000000012e-01 3.422157482739458828e+03 3.357663612796410689e+03
1.077000000000000041e-01 3.361196932312630906e+03 3.297350195416888710e+03
1.078000000000000069e-01 3.301589592125943909e+03 3.238377793173720420e+03
1.078999999999999959e-01 3.243307483037302063e+03 3.180718443025575652e+03
1.079999999999999988e-01 3.186322383472576803e+03 3.124343851851303043e+03
1.081000000000000016e-01 3.130605617343137055e+03 3.069225439460721191e+03
1.082000000000000045e-01 3.076128882735130901e+03 3.015334976839584670e+03
1.083000000000000074e-01 3.022865877314146474e+03 2.962646242268039714e+03
1.083999999999999964e-01 2.970789099071900182e+03 2.911131763862040771e+03
1.084999999999999992e-01 2.919871177936337517e+03 2.860764333502630961e+03
1.086000000000000021e-01 2.870084706601508515e+03 2.811516694965209808e+03
1.087000000000000050e-01 2.821404478529925655e+03 2.763363753065666515e+03
1.088000000000000078e-01 2.773804031702135489e+03 2.716279249572461595e+03
1.088999999999999968e-01 2.727260201959946244e+03 2.670240049526564690e+03
1.089999999999999997e-01 2.681743063649686064e+03 2.625216571023380766e+03
1.091000000000000164e-01 2.637235764777641634e+03 2.581191918250720846e+03
1.091999999999999915e-01 2.593703168690570237e+03 2.538131452644808633e+03
1.092999999999999944e-01 2.551135569796480922e+03 2.496025287632371146e+03
1.094000000000000111e-01 2.509495967605550959e+03 2.454836948514098822e+03
1.094999999999999862e-01 2.468772646831329894e+03 2.414554629659398870e+03
1.096000000000000030e-01 2.428937404320906353e+03 2.375150479446054760e+03
1.096999999999999781e-01 2.389969183179104675e+03 2.336603652210529162e+03
1.098000000000000087e-01 2.351851013285146564e+03 2.298897234586337163e+03
1.098999999999999977e-01 2.314553994589080503e+03 2.262002784172382690e+03
1.100000000000000006e-01 2.278063263787686083e+03 2.225905410233451676e+03

