#          T                    L=61, F_max             L=31, F_max              L=61, F_away             L=31, F_away

4.000000000000000000e+00 8.262792228309985336e+00 8.262792228309985336e+00 5.621205256230772385e+00 5.621205256230772385e+00
8.000000000000000000e+00 3.961954933202984125e+01 3.961954933202984125e+01 1.728691244172793873e+01 1.728691244172793873e+01
1.200000000000000000e+01 9.410618067631351135e+01 9.410618067631351135e+01 3.361101956329883222e+01 3.361101956329883222e+01
1.600000000000000000e+01 1.696614867411815621e+02 1.696614867411815621e+02 5.296357153392984429e+01 5.296357153392984429e+01
2.000000000000000000e+01 2.611796663622002407e+02 2.611796663622002407e+02 7.345480967580758147e+01 7.345480970280496535e+01
2.400000000000000000e+01 3.657272172648706022e+02 3.657272172648706022e+02 9.312242626892528108e+01 9.312242603494793514e+01
2.800000000000000000e+01 4.827265926598194028e+02 4.827218111924044024e+02 1.106334620063347671e+02 1.106334524672581665e+02
3.200000000000000000e+01 6.126454710791521165e+02 6.125808199337958513e+02 1.254408872684509220e+02 1.254407275249142231e+02
3.600000000000000000e+01 7.557068262593434156e+02 7.552276708065634239e+02 1.375165053232404659e+02 1.375150516759547088e+02
4.000000000000000000e+01 9.122567618710949091e+02 9.099528622295107425e+02 1.470952323331266314e+02 1.470868180531358291e+02
4.400000000000000000e+01 1.083458369645459925e+03 1.074711141316581006e+03 1.545201578097639015e+02 1.544858506872214434e+02
4.800000000000000000e+01 1.268132651897349660e+03 1.242657893178212362e+03 1.601600883543714247e+02 1.600543450039143067e+02
5.200000000000000000e+01 1.468398868826591752e+03 1.405349499099676450e+03 1.643674680325752320e+02 1.641080012566714856e+02
5.600000000000000000e+01 1.683548636589017633e+03 1.556192054672371569e+03 1.674565255647780191e+02 1.669291483913200125e+02
6.000000000000000000e+01 1.911734420770965471e+03 1.681719530142773692e+03 1.696931912117129002e+02 1.687763846283404803e+02
6.400000000000000000e+01 2.154900794705434691e+03 1.776642455590914778e+03 1.712932387423024352e+02 1.698927891904652085e+02
6.800000000000000000e+01 2.416389918153970939e+03 1.840107116483570508e+03 1.724258860121197756e+02 1.705014666899851079e+02
7.200000000000000000e+01 2.688117974804798450e+03 1.874006860256929485e+03 1.732202809145430820e+02 1.707913090580066751e+02
7.600000000000000000e+01 2.969215055606975056e+03 1.884199234299255750e+03 1.737728758743987214e+02 1.709044708313543879e+02
8.000000000000000000e+01 3.276531566482583003e+03 1.880097904276613463e+03 1.741544510336110250e+02 1.709341190013872733e+02
8.400000000000000000e+01 3.598577844052179898e+03 1.871744862486514876e+03 1.744161924113314512e+02 1.709325329094222639e+02
8.800000000000000000e+01 3.931021406472339095e+03 1.865472443039850759e+03 1.745946532136797202e+02 1.709240529132928259e+02
9.200000000000000000e+01 4.270112343082460939e+03 1.862696707190642655e+03 1.747156477433102282e+02 1.709172643349327814e+02
9.600000000000000000e+01 4.609018202423364528e+03 1.862544907303391028e+03 1.747972235822022640e+02 1.709135971989145446e+02
1.000000000000000000e+02 4.937410405581245868e+03 1.863431983805489608e+03 1.748518840480244307e+02 1.709121501029946160e+02
1.040000000000000000e+02 5.242641008214188332e+03 1.864232263465063625e+03 1.748882248972005016e+02 1.709118040864892976e+02
1.080000000000000000e+02 5.534868593176388458e+03 1.864561409530480205e+03 1.749121250761436102e+02 1.709118413428828376e+02
1.120000000000000000e+02 5.790885921360754764e+03 1.864526666080044606e+03 1.749276006980907425e+02 1.709119377145540000e+02
1.160000000000000000e+02 5.994677007782779583e+03 1.864370089632872805e+03 1.749374041421093295e+02 1.709119981257061340e+02
1.200000000000000000e+02 6.143882117681646378e+03 1.864252397639688979e+03 1.749434330860026421e+02 1.709120204075492495e+02
1.240000000000000000e+02 6.241933528818372906e+03 1.864211953006187741e+03 1.749470005566685700e+02 1.709120231252861686e+02
1.280000000000000000e+02 6.297057248576401435e+03 1.864217738191891840e+03 1.749490106695879774e+02 1.709120201735719036e+02
1.320000000000000000e+02 6.320470938952485994e+03 1.864230060011304658e+03 1.749500754015210475e+02 1.709120174288375722e+02
1.360000000000000000e+02 6.324067120426530892e+03 1.864229379276520376e+03 1.749505957446514230e+02 1.709120161149647572e+02
1.400000000000000000e+02 6.318162852802039197e+03 1.864215678101275444e+03 1.749508229996529565e+02 1.709120157639987383e+02
1.440000000000000000e+02 6.310023056326939695e+03 1.864196601195470521e+03 1.749509054406725852e+02 1.709120157370013544e+02
1.480000000000000000e+02 6.303536516182709420e+03 1.864178301623034031e+03 1.749509245008275400e+02 1.709120158179935061e+02
1.520000000000000000e+02 6.299872512386515155e+03 1.864162866753867092e+03 1.749509209461716353e+02 1.709120158179935061e+02
1.560000000000000000e+02 6.298591300689491618e+03 1.864149837395854547e+03 1.749509125859809160e+02 1.709120158179935061e+02
1.600000000000000000e+02 6.298684063537666589e+03 1.864138332168329953e+03 1.749509057106464525e+02 1.709120157909961222e+02
1.700000000000000000e+02 6.299912156811492423e+03 1.864115420402182735e+03 1.749508989253032780e+02 1.709120157549996009e+02
1.800000000000000000e+02 6.300034288703450329e+03 1.864103001246617168e+03 1.749508983943546809e+02 1.709120157549996009e+02
1.900000000000000000e+02 6.299930785145099435e+03 1.864098543157363792e+03 1.749508985023442165e+02 1.709120157460004918e+02
2.000000000000000000e+02 6.299938590402834961e+03 1.864097586760858803e+03 1.749508985293416004e+02 1.709120157280022170e+02
2.100000000000000000e+02 6.299944481070792790e+03 1.864097569396679773e+03 1.749508985293416004e+02 1.709120157370013544e+02
2.200000000000000000e+02 6.299942573504386928e+03 1.864097601741843619e+03 1.749508985203424913e+02 1.709120157460004918e+02
2.300000000000000000e+02 6.299942629018752996e+03 1.864097597640805589e+03 1.749508985113433539e+02 1.709120157280022170e+02
2.400000000000000000e+02 6.299942753069090031e+03 1.864097595219589948e+03 1.749508985293416004e+02 1.709120157370013544e+02
2.500000000000000000e+02 6.299942712746198595e+03 1.864097596672004329e+03 1.749508985293416004e+02 1.709120157370013544e+02
2.600000000000000000e+02 6.299942716019181717e+03 1.864097597791630960e+03 1.749508985293416004e+02 1.709120157370013544e+02
2.700000000000000000e+02 6.299942718006143878e+03 1.864097598344807466e+03 1.749508985293416004e+02 1.709120157370013544e+02
2.800000000000000000e+02 6.299942717143982918e+03 1.864097598692533893e+03 1.749508985293416004e+02 1.709120157370013544e+02
2.900000000000000000e+02 6.299942717335484303e+03 1.864097598877465998e+03 1.749508985293416004e+02 1.709120157370013544e+02
3.000000000000000000e+02 6.299942717376385190e+03 1.864097598948874065e+03 1.749508985293416004e+02 1.709120157370013544e+02
