#      theta/pi                     QFI                     CFI

1.000000000000000021e-03 3.406432914033628094e+02 2.532866479755295472e+02
2.000000000000000042e-03 3.375819320588327628e+02 2.507166365971424966e+02
3.000000000000000062e-03 3.345305631533350947e+02 2.472094359142233770e+02
4.000000000000000083e-03 3.314979989509167808e+02 2.427474934050220554e+02
5.000000000000000104e-03 3.284926564259527595e+02 2.373718482305331747e+02
6.000000000000000125e-03 3.255223490242151456e+02 2.312467223494753625e+02
7.000000000000000146e-03 3.225941058714538485e+02 2.247204023450297825e+02
8.000000000000000167e-03 3.197140195042212554e+02 2.183481318972519034e+02
9.000000000000001055e-03 3.168871242635640897e+02 2.128291424834443433e+02
1.000000000000000021e-02 3.141173065987259179e+02 2.088316735328957350e+02
1.099999999999999763e-02 3.114072476726828995e+02 2.067683629337552986e+02
1.200000000000000025e-02 3.087583978811555312e+02 2.066907822273803674e+02
1.300000000000000287e-02 3.061709821826577240e+02 2.083745118592749748e+02
1.400000000000000029e-02 3.036440345175097377e+02 2.112328392043137342e+02
1.499999999999999944e-02 3.011754590555947857e+02 2.145040647997397798e+02
1.600000000000000033e-02 2.987621155612401367e+02 2.177188164922530120e+02
1.700000000000000122e-02 2.963999257905481386e+02 2.206287819292028303e+02
1.800000000000000211e-02 2.940839975614860577e+02 2.231039049591874743e+02
1.899999999999999953e-02 2.918087629247110044e+02 2.250914376591551047e+02
2.000000000000000042e-02 2.895681267279385906e+02 2.265853017071288207e+02
2.100000000000000130e-02 2.873556218195994347e+02 2.276024645886183748e+02
2.199999999999999525e-02 2.851645671336561918e+02 2.281671197765473096e+02
2.299999999999999961e-02 2.829882249963112599e+02 2.283011962786420384e+02
2.400000000000000050e-02 2.808199541315804595e+02 2.280193205353432688e+02
2.500000000000000139e-02 2.786533550639533701e+02 2.273268423571837786e+02
2.600000000000000575e-02 2.764824048883120895e+02 2.262198006409869038e+02
2.699999999999999969e-02 2.743015787174052207e+02 2.246855643051896436e+02
2.800000000000000058e-02 2.721059555007145150e+02 2.227057139268145249e+02
2.900000000000000147e-02 2.698913063362361413e+02 2.202772863402579162e+02
2.999999999999999889e-02 2.676541638709976496e+02 2.174887390121438671e+02
3.099999999999999631e-02 2.653918718653802671e+02 2.146532100708160726e+02
3.200000000000000067e-02 2.631026145037764081e+02 2.123420578683679310e+02
3.300000000000000155e-02 2.607854255291555319e+02 2.110630375390333882e+02
3.400000000000000244e-02 2.584401777582691579e+02 2.107901161338982092e+02
3.500000000000000333e-02 2.560675539911565579e+02 2.110088470618931922e+02
3.600000000000000422e-02 2.536690007306951600e+02 2.111886405655098713e+02
3.699999999999999817e-02 2.512466664913669661e+02 2.110427467632013361e+02
3.799999999999999906e-02 2.488033267650621383e+02 2.104819692441479333e+02
3.899999999999999994e-02 2.463422979427012649e+02 2.094812575698713886e+02
4.000000000000000083e-02 2.438673426433547320e+02 2.079255537089782706e+02
4.100000000000000172e-02 2.413825689824486744e+02 2.075243401620180350e+02
4.200000000000000261e-02 2.388923263299504640e+02 2.075944251391161117e+02
4.300000000000000350e-02 2.364011000497182238e+02 2.054971992885653833e+02
4.399999999999999051e-02 2.339134076006432394e+02 2.035784531799153001e+02
4.499999999999999833e-02 2.314336982191307754e+02 2.016854010256358833e+02
4.599999999999999922e-02 2.289662581907598735e+02 1.997769756360930558e+02
4.700000000000000011e-02 2.265151234901599366e+02 1.978446724527465506e+02
4.800000000000000100e-02 2.240840012984827183e+02 1.958885391305547330e+02
4.900000000000000189e-02 2.216762016418800272e+02 1.939100033430563315e+02
5.000000000000000278e-02 2.192945801152879426e+02 1.919087919920652325e+02
5.099999999999999672e-02 2.169414923814813676e+02 1.898803508084173188e+02
5.200000000000001149e-02 2.146187608748371360e+02 1.878113511188207951e+02
5.299999999999999850e-02 2.123276538921731174e+02 1.856682912355173869e+02
5.399999999999999939e-02 2.100688770229226634e+02 1.833601221344371197e+02
5.500000000000000028e-02 2.078425766694588788e+02 1.805743743065185924e+02
5.600000000000000117e-02 2.056483552291650767e+02 1.849452377866789732e+02
5.700000000000000899e-02 2.034852973512828953e+02 1.845091200293132090e+02
5.800000000000000294e-02 2.013520065623771700e+02 1.792559515697872143e+02
5.900000000000000383e-02 1.992466514456804987e+02 1.765597745087850683e+02
5.999999999999999778e-02 1.971670204914588567e+02 1.743197187207225625e+02
6.099999999999999867e-02 1.951105846855928689e+02 1.722404337180519747e+02
6.199999999999999262e-02 1.930745668861571289e+02 1.702344264152033304e+02
6.300000000000000044e-02 1.910560170376444660e+02 1.682653646608140718e+02
6.400000000000000133e-02 1.890518923134729334e+02 1.663144183215897556e+02
6.500000000000000222e-02 1.870591413353685084e+02 1.643700907154807282e+02
6.600000000000000311e-02 1.850747917105911711e+02 1.624245198874932328e+02
6.700000000000000400e-02 1.830960402509018934e+02 1.604716783434159595e+02
6.800000000000000488e-02 1.811203453945609283e+02 1.585069079349346168e+02
6.900000000000000577e-02 1.791455215424859944e+02 1.565264275357568522e+02
7.000000000000000666e-02 1.771698352586251985e+02 1.545272012798466790e+02
7.100000000000000755e-02 1.751921035504781230e+02 1.525068722238334828e+02
7.200000000000000844e-02 1.732117947720985853e+02 1.504637425368145784e+02
7.299999999999999545e-02 1.712291330709538784e+02 1.483967804692658490e+02
7.399999999999999634e-02 1.692452077257659369e+02 1.463056409350766103e+02
7.499999999999999722e-02 1.672620892329340450e+02 1.441906924163124302e+02
7.599999999999999811e-02 1.652829545688292683e+02 1.420530622474715869e+02
7.699999999999999900e-02 1.633122247337851434e+02 1.398946105003242053e+02
7.799999999999999989e-02 1.613557184488947485e+02 1.377180248739813351e+02
7.900000000000000078e-02 1.594208267860862236e+02 1.355267995972961330e+02
8.000000000000000167e-02 1.575167145495940417e+02 1.333252583935307598e+02
8.100000000000000255e-02 1.556545554718367725e+02 1.311185602089586268e+02
8.200000000000000344e-02 1.538478097172144885e+02 1.289126955440072777e+02
8.299999999999999045e-02 1.521125539072970128e+02 1.267144727028643700e+02
8.400000000000000522e-02 1.504678758996941781e+02 1.245314952961296058e+02
8.500000000000001998e-02 1.489363489535509757e+02 1.223721369924014510e+02
8.600000000000000699e-02 1.475446027647260507e+02 1.202455292361628381e+02
8.700000000000000788e-02 1.463240122379230002e+02 1.181615965961212567e+02
8.799999999999998102e-02 1.453115288607275204e+02 1.161312184629259576e+02
8.899999999999999578e-02 1.445506842434891439e+02 1.141666002493777654e+02
8.999999999999999667e-02 1.440928008843930570e+02 1.122821999075949861e+02
9.099999999999999756e-02 1.439984515239033556e+02 1.104964708697124678e+02
9.199999999999999845e-02 1.443392156042764896e+02 1.088351386020085840e+02
9.299999999999999933e-02 1.451997891982082933e+02 1.073368510488505905e+02
9.400000000000000022e-02 1.466805130613065273e+02 1.060622195923014459e+02
9.499999999999998723e-02 1.489003915887083167e+02 1.051068914389662865e+02
9.600000000000000200e-02 1.520006823828371409e+02 1.046177834085168570e+02
9.700000000000001676e-02 1.561491401264474348e+02 1.048081133560999803e+02
9.800000000000000377e-02 1.615449965714075802e+02 1.059615074489060760e+02
9.900000000000000466e-02 1.684247462796053867e+02 1.084107467343659721e+02
1.000000000000000056e-01 1.770687783187746902e+02 1.124780588245272526e+02
1.010000000000000064e-01 1.878088371824669593e+02 1.183743355029232873e+02
1.019999999999999934e-01 2.010361967958660330e+02 1.260655737708208193e+02
1.030000000000000082e-01 2.172102685080123479e+02 1.351046543365671369e+02
1.040000000000000230e-01 2.368671088358013606e+02 1.443832485214232122e+02
1.049999999999999961e-01 2.606269085563582735e+02 1.517154993668492580e+02
1.059999999999999970e-01 2.891989877015534489e+02 1.533377718154585523e+02
1.070000000000000118e-01 3.233820459735221107e+02 1.449837809131784923e+02
1.079999999999999988e-01 3.640563926718136258e+02 1.330310229651022951e+02
1.089999999999999997e-01 4.121636133044201529e+02 1.617287366038468974e+02
1.100000000000000006e-01 4.686677222994261456e+02 2.698670041211435091e+02
1.110000000000000014e-01 5.344905743478931299e+02 4.063982289941765771e+02
1.120000000000000023e-01 6.104137097255926392e+02 5.290743709161033621e+02
1.130000000000000032e-01 6.969398255491674945e+02 6.365483132818097829e+02
1.140000000000000180e-01 7.941110522850739244e+02 7.325663839759251914e+02
1.150000000000000050e-01 9.012897756642452123e+02 8.140932599850934821e+02
1.160000000000000059e-01 1.016922121362767371e+03 8.745008267013788554e+02
1.170000000000000068e-01 1.138324074634824683e+03 9.413476237954951102e+02
1.180000000000000077e-01 1.261551875074816735e+03 1.109413276041532299e+03
1.190000000000000085e-01 1.381433338255949138e+03 1.324923563020765187e+03
1.199999999999999956e-01 1.491832359319874058e+03 1.487291454879399225e+03
1.209999999999999964e-01 1.586182643972402957e+03 1.595176839200401673e+03
1.219999999999999973e-01 1.658255766122253817e+03 1.659311110906592148e+03
1.229999999999999982e-01 1.703039064490975761e+03 1.683092263796380848e+03
1.239999999999999852e-01 1.717526922939275892e+03 1.666577703694995535e+03
1.250000000000000000e-01 1.701216378280062600e+03 1.610054146927315287e+03
1.260000000000000009e-01 1.656165534333926416e+03 1.526200058815661123e+03
1.270000000000000018e-01 1.586600895234788368e+03 1.456947174743000232e+03
1.280000000000000027e-01 1.498192727158021853e+03 1.391963768734333371e+03
1.290000000000000036e-01 1.397198218801525400e+03 1.301607632473176182e+03
1.300000000000000044e-01 1.289673776048517311e+03 1.196419924678523557e+03
1.310000000000000053e-01 1.180895042348894549e+03 1.088020112775496273e+03
1.320000000000000062e-01 1.075035807263461720e+03 9.827926614653910065e+02
1.330000000000000071e-01 9.750827477481499272e+02 8.840693097985072200e+02
1.340000000000000080e-01 8.829212439487231450e+02 7.933378281995799171e+02
1.350000000000000089e-01 7.995180674761132877e+02 7.109305681042093283e+02
1.360000000000000098e-01 7.251384104076303174e+02 6.378364905148134767e+02
1.370000000000000107e-01 6.595548246065798139e+02 5.784750833076959680e+02
1.380000000000000115e-01 6.022251923396321445e+02 5.300173115461867610e+02
1.390000000000000124e-01 5.524315921892230108e+02 4.866330638081313396e+02
1.400000000000000133e-01 5.093810800499658740e+02 4.481362627677392538e+02
1.410000000000000142e-01 4.722739705377603059e+02 4.146373493775895440e+02
1.420000000000000151e-01 4.403466821131593179e+02 3.857513266211995528e+02
1.430000000000000160e-01 4.128959401704051970e+02 3.609245611630506119e+02
1.440000000000000169e-01 3.892900703671913334e+02 3.395871542739963047e+02
1.449999999999999900e-01 3.689718380602672028e+02 3.211989224900684121e+02
1.459999999999999909e-01 3.514560976396548995e+02 3.052685194925258543e+02
1.469999999999999918e-01 3.363245291681416802e+02 2.914980003155855002e+02
1.479999999999999927e-01 3.232189822423797523e+02 2.800726569585052061e+02
1.489999999999999936e-01 3.118343952547473350e+02 2.705640969806495946e+02
1.499999999999999944e-01 3.019118729064213085e+02 2.621662351933519517e+02
1.509999999999999953e-01 2.932322453947729173e+02 2.547139915785844835e+02
1.519999999999999962e-01 2.856102642756330852e+02 2.481372479494850154e+02
1.529999999999999971e-01 2.788894849872585269e+02 2.423368543088302260e+02
1.539999999999999980e-01 2.729378238433931188e+02 2.372092029540442866e+02
1.549999999999999989e-01 2.676437432350437575e+02 2.326589320537923982e+02
1.559999999999999998e-01 2.629130025891299169e+02 2.286016371439022805e+02
1.570000000000000007e-01 2.586659074016048976e+02 2.249628353807597136e+02
1.580000000000000016e-01 2.548349898466594823e+02 2.216768281639008080e+02
1.590000000000000024e-01 2.513630590945727192e+02 2.186985121793469489e+02
1.600000000000000033e-01 2.482015657144593206e+02 2.160401804713278295e+02
1.609999999999999765e-01 2.453092313101417403e+02 2.136722585157211256e+02
1.620000000000000051e-01 2.426509011481820153e+02 2.114911115317522956e+02
1.630000000000000060e-01 2.401965836738371536e+02 2.094631757893941710e+02
1.640000000000000069e-01 2.379206463224004153e+02 2.075773732494990611e+02
1.650000000000000078e-01 2.358011418474282266e+02 2.058205047855726946e+02
1.659999999999999809e-01 2.338192435458508101e+02 2.041785421054153460e+02
1.670000000000000095e-01 2.319587713098058828e+02 2.026382979471854924e+02
1.680000000000000104e-01 2.302057934263896470e+02 2.011879210845926877e+02
1.690000000000000113e-01 2.285482915629915226e+02 1.998168891881909133e+02
1.700000000000000400e-01 2.269758785019676850e+02 1.985157962215415921e+02
1.710000000000000131e-01 2.254795599209659258e+02 1.972761217622889660e+02
1.720000000000000140e-01 2.240515330021853799e+02 1.960909521374028373e+02
1.730000000000000149e-01 2.226850158621678872e+02 1.949595936481160550e+02
1.740000000000000158e-01 2.213741028070645029e+02 1.938838687443175957e+02
1.749999999999999889e-01 2.201136412544293535e+02 1.928510675657568072e+02
1.759999999999999620e-01 2.188991268672710078e+02 1.918521508565100078e+02
1.769999999999999907e-01 2.177266140145647171e+02 1.908848107275505299e+02
1.779999999999999916e-01 2.165926391645032538e+02 1.899471890777167005e+02
1.789999999999999925e-01 2.154941552056145042e+02 1.890368505519504652e+02
1.799999999999999933e-01 2.144284750202886016e+02 1.882373188630435266e+02
1.809999999999999665e-01 2.133932229284033326e+02 1.873016247239662277e+02
1.819999999999999951e-01 2.123862928212167844e+02 1.864630819361167369e+02
1.829999999999999960e-01 2.114058120130814586e+02 1.856468283505001864e+02
1.839999999999999969e-01 2.104501099930041335e+02 1.848504001681275213e+02
1.850000000000000255e-01 2.095176913835686321e+02 1.840722699673541740e+02
1.859999999999999987e-01 2.086072125286219432e+02 1.833111304591355406e+02
1.869999999999999996e-01 2.077174612180569682e+02 1.825660794514260203e+02
1.880000000000000004e-01 2.068473391324019701e+02 1.818374262817393969e+02
1.890000000000000013e-01 2.059958466573754379e+02 1.811250375774305041e+02
1.899999999999999745e-01 2.051620697637860928e+02 1.804265391130341527e+02
1.910000000000000031e-01 2.043451686885637457e+02 1.797404484978036692e+02
1.920000000000000040e-01 2.035443681991415019e+02 1.790660462752640569e+02
1.930000000000000049e-01 2.027589492426692743e+02 1.784022431863424458e+02
1.940000000000000335e-01 2.019882418095245384e+02 1.777464707344587111e+02
1.950000000000000067e-01 2.012316188601602676e+02 1.771561257328090733e+02
1.960000000000000075e-01 2.004884911855673408e+02 1.765103409474930913e+02
1.970000000000000084e-01 1.997583030808534659e+02 1.758839730309385345e+02
1.980000000000000093e-01 1.990405287275033004e+02 1.752722763432406907e+02
1.990000000000000380e-01 1.983346691888393423e+02 1.746711056815699976e+02
2.000000000000000111e-01 1.976402499346314698e+02 1.740791856410671414e+02
