#     theta/pi                    M=1000                   M=10000                 M=25000

6.900000000000000577e-01 1.438482148018610178e-38 0.000000000000000000e+00 0.000000000000000000e+00
6.901000000000000467e-01 6.865675529055983585e-38 0.000000000000000000e+00 0.000000000000000000e+00
6.902000000000001467e-01 3.250309792705082433e-37 0.000000000000000000e+00 0.000000000000000000e+00
6.903000000000001357e-01 1.525825172064198122e-36 0.000000000000000000e+00 0.000000000000000000e+00
6.904000000000000137e-01 7.100676233277489788e-36 0.000000000000000000e+00 0.000000000000000000e+00
6.905000000000000027e-01 3.274813657878388920e-35 0.000000000000000000e+00 0.000000000000000000e+00
6.906000000000001027e-01 1.496384585006791870e-34 0.000000000000000000e+00 0.000000000000000000e+00
6.907000000000000917e-01 6.772488899235905310e-34 0.000000000000000000e+00 0.000000000000000000e+00
6.908000000000000806e-01 3.035159472303219783e-33 0.000000000000000000e+00 0.000000000000000000e+00
6.909000000000000696e-01 1.346553650825368913e-32 0.000000000000000000e+00 0.000000000000000000e+00
6.909999999999999476e-01 5.912303848105565279e-32 0.000000000000000000e+00 0.000000000000000000e+00
6.911000000000000476e-01 2.568408306064734402e-31 0.000000000000000000e+00 0.000000000000000000e+00
6.912000000000000366e-01 1.103647308428096955e-30 0.000000000000000000e+00 0.000000000000000000e+00
6.913000000000000256e-01 4.689662920501792707e-30 0.000000000000000000e+00 0.000000000000000000e+00
6.914000000000001256e-01 1.970088446391540982e-29 0.000000000000000000e+00 0.000000000000000000e+00
6.915000000000001146e-01 8.179973817983330854e-29 0.000000000000000000e+00 0.000000000000000000e+00
6.915999999999999925e-01 3.356071438751123156e-28 0.000000000000000000e+00 0.000000000000000000e+00
6.916999999999999815e-01 1.360242432962483458e-27 2.276167122790357995e-286 0.000000000000000000e+00
6.918000000000000815e-01 5.445049402260732237e-27 4.195637233851799875e-280 0.000000000000000000e+00
6.919000000000000705e-01 2.152207356598375219e-26 8.204271553127725986e-274 0.000000000000000000e+00
6.920000000000000595e-01 8.397721650814772031e-26 1.425982805947060911e-267 0.000000000000000000e+00
6.921000000000000485e-01 3.233956334295685715e-25 2.196809069236262495e-261 0.000000000000000000e+00
6.921999999999999265e-01 1.228865502434330684e-24 2.991364096216520559e-255 0.000000000000000000e+00
6.923000000000000265e-01 4.606555426232146199e-24 3.590577973276637425e-249 0.000000000000000000e+00
6.924000000000000155e-01 1.703163175164754269e-23 3.788969493386880021e-243 0.000000000000000000e+00
6.925000000000000044e-01 6.209441650136737170e-23 3.505966135658271445e-237 0.000000000000000000e+00
6.926000000000001044e-01 2.231904392296296536e-22 2.837378729914981661e-231 0.000000000000000000e+00
6.927000000000000934e-01 7.907475956992368045e-22 2.003402164625024621e-225 0.000000000000000000e+00
6.928000000000000824e-01 2.760921497468344693e-21 1.231129573700172942e-219 0.000000000000000000e+00
6.928999999999999604e-01 9.498190514258786358e-21 6.568907908679155835e-214 0.000000000000000000e+00
6.930000000000000604e-01 3.218972179805173033e-20 3.036203514558197221e-208 0.000000000000000000e+00
6.931000000000000494e-01 1.074494326318257138e-19 1.212933433116968680e-202 0.000000000000000000e+00
6.932000000000000384e-01 3.532033015081864404e-19 4.178853263054514655e-197 0.000000000000000000e+00
6.933000000000000274e-01 1.143153141663938953e-18 1.238975182779379029e-191 0.000000000000000000e+00
6.934000000000001274e-01 3.642256690896341754e-18 3.154643071420506082e-186 0.000000000000000000e+00
6.935000000000000053e-01 1.142227824565666735e-17 6.884022100161248133e-181 0.000000000000000000e+00
6.935999999999999943e-01 3.525191123442820070e-17 1.284950293118247819e-175 0.000000000000000000e+00
6.936999999999999833e-01 1.070518451881240700e-16 2.047648120386957883e-170 0.000000000000000000e+00
6.938000000000000833e-01 3.198328845687031542e-16 2.780655803480097178e-165 0.000000000000000000e+00
6.939000000000000723e-01 9.399560332501857350e-16 3.212069689553608434e-160 0.000000000000000000e+00
6.940000000000000613e-01 2.716986645694494417e-15 3.150766031891205056e-155 0.000000000000000000e+00
6.940999999999999392e-01 7.723339670898524254e-15 2.620070695381476006e-150 0.000000000000000000e+00
6.942000000000000393e-01 2.158761190267761500e-14 1.844047177843487846e-145 0.000000000000000000e+00
6.943000000000000282e-01 5.932422723671729980e-14 1.096765523464062445e-140 0.000000000000000000e+00
6.944000000000000172e-01 1.602639290438379561e-13 5.504054232384822001e-136 0.000000000000000000e+00
6.945000000000000062e-01 4.255649528602107596e-13 2.327269846685429467e-131 0.000000000000000000e+00
6.946000000000001062e-01 1.110642832397264794e-12 8.279367613710656098e-127 0.000000000000000000e+00
6.946999999999999842e-01 2.848495459716839389e-12 2.474846361245168940e-122 0.000000000000000000e+00
6.947999999999999732e-01 7.178689355313506956e-12 6.207789112843904067e-118 7.868901737834115927e-285
6.948999999999999622e-01 1.777547262176255916e-11 1.305036617942319452e-113 3.752425256578909158e-274
6.950000000000000622e-01 4.324174726452014392e-11 2.296608538796094807e-109 1.146143653003920230e-263
6.951000000000000512e-01 1.033363084169701824e-10 3.379349326529079041e-105 2.235823050883050756e-253
6.952000000000000401e-01 2.425680763620659722e-10 4.153228396309244307e-101 2.777813758831507195e-243
6.953000000000001402e-01 5.592557850199042721e-10 4.258837768026865226e-97 2.192226827828536944e-233
6.954000000000000181e-01 1.266340137931904535e-09 3.640120087152258039e-93 1.096191559354227404e-223
6.955000000000000071e-01 2.815930592440536588e-09 2.590877907172891314e-89 3.464652801852099734e-214
6.955999999999999961e-01 6.148873423380156134e-09 1.534236400121848058e-85 6.905735272727077098e-205
6.957000000000000961e-01 1.318387940098581937e-08 7.552296815500542688e-82 8.661474401392892245e-196
6.958000000000000851e-01 2.775483403727373388e-08 3.087835232136814221e-78 6.821964634937258414e-187
6.959000000000000741e-01 5.736633483983738870e-08 1.047812463076587563e-74 3.367560024528866707e-178
6.959999999999999520e-01 1.164060469690097664e-07 2.948847597214540454e-71 1.039943202239027494e-169
6.960999999999999410e-01 2.318848832935380376e-07 6.878027874172528397e-68 2.005576633307882436e-161
6.962000000000000410e-01 4.534483567688117766e-07 1.328740321298167273e-64 2.411555438479644355e-153
6.963000000000000300e-01 8.704088334960615884e-07 2.124812112317763552e-61 1.805185240064321781e-145
6.964000000000000190e-01 1.639992543527915531e-06 2.811010351332294467e-58 8.400312086815162057e-138
6.965000000000001190e-01 3.032970040264036865e-06 3.074966496624954759e-55 2.426858148813530859e-130
6.965999999999999970e-01 5.505389074452296763e-06 2.780006920720725264e-52 4.347481225101631037e-123
6.966999999999999860e-01 9.808192314019945329e-06 2.076285601894479527e-49 4.823768660002742899e-116
6.967999999999999750e-01 1.714982918018258227e-05 1.280526528578596615e-46 3.311639346061082715e-109
6.969000000000000750e-01 2.943002836430282725e-05 6.519149695930905239e-44 1.405401173875245152e-102
6.970000000000000639e-01 4.956477707550493766e-05 2.738738703772330564e-41 3.683757321262789223e-96
6.971000000000000529e-01 8.192191500340734265e-05 9.491599131606747817e-39 5.959185531768291115e-90
6.971999999999999309e-01 1.328818513293307112e-04 2.712966248011752909e-36 5.945633277241339364e-84
6.972999999999999199e-01 2.115267699676630267e-04 6.393925917044287584e-34 3.656557561181508296e-78
6.974000000000000199e-01 3.304424380723925076e-04 1.242297625923797231e-31 1.385461666068988864e-72
6.975000000000000089e-01 5.065882002839200730e-04 1.989525795019119783e-29 3.232848936155760388e-67
6.975999999999999979e-01 7.621531903043977886e-04 2.625938133770787746e-27 4.644101585750167963e-62
6.977000000000000979e-01 1.125272746825167541e-03 2.856205112482774845e-25 4.106151552845144823e-57
6.978000000000000869e-01 1.630433953273582176e-03 2.559981783463761416e-23 2.234143605970880798e-52
6.978999999999999648e-01 2.318361812602404322e-03 1.890657621812531734e-21 7.479793757354048489e-48
6.979999999999999538e-01 3.235159248715251123e-03 1.150579161875069109e-19 1.540860267367559676e-43
6.981000000000000538e-01 4.430487628415030396e-03 5.769785471082527100e-18 1.953246913550465054e-39
6.982000000000000428e-01 5.954631372123557823e-03 2.384333340432104796e-16 1.523801393547361282e-35
6.983000000000000318e-01 7.854397524962903818e-03 8.120363010499794194e-15 7.317543847676348916e-32
6.984000000000000208e-01 1.016795790315218329e-02 2.279472264499536741e-13 2.163651241277853758e-28
6.984999999999998987e-01 1.291893567144723927e-02 5.274785419413871375e-12 3.940429891417780999e-25
6.985999999999999988e-01 1.611024585520800731e-02 1.006375150953572851e-10 4.421947353837743677e-22
6.986999999999999877e-01 1.971838555446397620e-02 1.583376607567546742e-09 3.059183726784161851e-19
6.987999999999999767e-01 2.368899361921650293e-02 2.054819748739299805e-08 1.305439412110223852e-16
6.989000000000000767e-01 2.793452175398866352e-02 2.200065415889593941e-07 3.438210210479803931e-14
6.990000000000000657e-01 3.233475052658295323e-02 1.943962990586962219e-06 5.592755432834308639e-12
6.990999999999999437e-01 3.674063517679528740e-02 1.417946789014647712e-05 5.622861647706646992e-10
6.991999999999999327e-01 4.098159393860003469e-02 8.540653018540598303e-05 3.496829685460325218e-08
6.993000000000000327e-01 4.487589962646661851e-02 4.249438727742095665e-04 1.346327981858197577e-06
6.994000000000000217e-01 4.824337002241729094e-02 1.747197013004289298e-03 3.212080375746574612e-05
6.995000000000000107e-01 5.091915268000910683e-02 5.938716919129798447e-03 4.753423844588044360e-04
6.995999999999999996e-01 5.276714080350977665e-02 1.669415494892677321e-02 4.367792426187044538e-03
6.996999999999999886e-01 5.369149560887096634e-02 3.882824980510891921e-02 2.494757489614488760e-02
6.997999999999999776e-01 5.364491150951744558e-02 7.475546564474788713e-02 8.867591115710922456e-02
6.998999999999999666e-01 5.263262859978019848e-02 1.191954353953101481e-01 1.963894742648474023e-01
6.999999999999999556e-01 5.071171881761153688e-02 1.574769704842265139e-01 2.713401373956488283e-01
7.001000000000000556e-01 4.798576548802622327e-02 1.724819917634144439e-01 2.341880406137198389e-01
7.002000000000000446e-01 4.459562524129309646e-02 1.567030533617375099e-01 1.264343142859883085e-01
7.003000000000000336e-01 4.070741675791282599e-02 1.181584893783284573e-01 4.275947685141074511e-02
7.003999999999999115e-01 3.649915541389733842e-02 7.398810438780392684e-02 9.072086535850988620e-03
7.005000000000000115e-01 3.214751433152766846e-02 3.849753638000142503e-02 1.209349588315156761e-03
7.006000000000000005e-01 2.781604690325735832e-02 1.665525714329588874e-02 1.014497432113563736e-04
7.006999999999999895e-01 2.364589442947903283e-02 5.995136050784452900e-03 5.364271813017727304e-06
7.008000000000000895e-01 1.974958973101484036e-02 1.796662500038141621e-03 1.790849892559077430e-07
7.009000000000000785e-01 1.620812744254628360e-02 4.485931348975497339e-04 3.781336535747219611e-09
7.009999999999999565e-01 1.307107289250743556e-02 9.338231830736264019e-05 5.058705959861851033e-11
7.010999999999999455e-01 1.035917592674042050e-02 1.621877693560801160e-05 4.295686537694142244e-13
7.011999999999999345e-01 8.068772204751214344e-03 2.351996461181873926e-06 2.319724996662201361e-15
7.013000000000000345e-01 6.177196423006184149e-03 2.850047757150619660e-07 7.981479166556199323e-18
7.014000000000000234e-01 4.648483025816221685e-03 2.888047597683723296e-08 1.753176693355184853e-20
7.015000000000000124e-01 3.438760029803779143e-03 2.449294886065030269e-09 2.463405850146561228e-23
7.015999999999998904e-01 2.500914811965580190e-03 1.739874813693082244e-10 2.218741489388391748e-26
7.016999999999999904e-01 1.788293016776148223e-03 1.036092735479156895e-11 1.283660405408910938e-29
7.017999999999999794e-01 1.257356052575071522e-03 5.176714719051281716e-13 4.780773399694630059e-33
7.018999999999999684e-01 8.693516025987141783e-04 2.172019899842263474e-14 1.148688020701665124e-36
7.020000000000000684e-01 5.911377677968097889e-04 7.659739132565034933e-16 1.784566085066903187e-40
7.021000000000000574e-01 3.953458688442548601e-04 2.272474550416002626e-17 1.796717104891897713e-44
7.021999999999999353e-01 2.600763348850794465e-04 5.677024511520043264e-19 1.175039084608634327e-48
7.022999999999999243e-01 1.683062263735551390e-04 1.195331998082789207e-20 5.003552741328632015e-53
7.023999999999999133e-01 1.071560067040292473e-04 2.123338230815672159e-22 1.390609280623531391e-57
7.025000000000000133e-01 6.712616234794453003e-05 3.185201687551553148e-24 2.528703754292761707e-62
7.026000000000000023e-01 4.137792764551523328e-05 4.038996651671802475e-26 3.016069920571434599e-67
7.026999999999999913e-01 2.510097653646832061e-05 4.333790349468620952e-28 2.365584969494855613e-72
7.028000000000000913e-01 1.498654413224317638e-05 3.938823773984986368e-30 1.223238192301065889e-77
7.028999999999999693e-01 8.807366929143677482e-06 3.035450603482097186e-32 4.181181171295853179e-83
7.029999999999999583e-01 5.095300441259913287e-06 1.985632044239717083e-34 9.472421075266367295e-89
7.030999999999999472e-01 2.902142271662914929e-06 1.103726962990604890e-36 1.426178982134731713e-94
7.032000000000000473e-01 1.627569559012344337e-06 5.219000721045028571e-39 1.430979490963696318e-100
7.033000000000000362e-01 8.988346740528672141e-07 2.101641698410368616e-41 9.595171545091869029e-107
7.034000000000000252e-01 4.888634838070637719e-07 7.215486631468332036e-44 4.311852697684430680e-113
7.034999999999999032e-01 2.618856495548246500e-07 2.114489019235579444e-46 1.302318003730345034e-119
7.035999999999998922e-01 1.381979515376785009e-07 5.295201983774464642e-49 2.651431783303400606e-126
7.036999999999999922e-01 7.184680664012435037e-08 1.134510556847264017e-51 3.649561417685143277e-133
7.037999999999999812e-01 3.680273806842616493e-08 2.082103331479896509e-54 3.406452964984513899e-140
7.038999999999999702e-01 1.857680849197507918e-08 3.277100343668593518e-57 2.162661152570433434e-147
7.040000000000000702e-01 9.241289697811622087e-09 4.428983869805260482e-60 9.367850330407961111e-155
7.040999999999999481e-01 4.531243992919769252e-09 5.146188740681735538e-63 2.777256325221992544e-162
7.041999999999999371e-01 2.190177179316713897e-09 5.147331120907572287e-66 5.653193803764693528e-170
7.042999999999999261e-01 1.043691689541690472e-09 4.437598434438120929e-69 7.926275537225293438e-178
7.044000000000000261e-01 4.904009406016044601e-10 3.301758334225902304e-72 7.679898841447600960e-186
7.045000000000000151e-01 2.272333433737313654e-10 2.122965983662016786e-75 5.159227962809352227e-194
7.046000000000000041e-01 1.038462463255479030e-10 1.181183925220060279e-78 2.411053535626153226e-202
7.046999999999998820e-01 4.681278711730130408e-11 5.694455803419450875e-82 7.864844658561651548e-211
7.047999999999999821e-01 2.081856557938562970e-11 2.381978299089479791e-85 1.796888263670670701e-219
7.048999999999999710e-01 9.134989658985948785e-12 8.657093923170163647e-89 2.885388763007174873e-228
7.049999999999999600e-01 3.955444578286288985e-12 2.737538971696595698e-92 3.267856078831046785e-237
7.050999999999999490e-01 1.690332951310943759e-12 7.542488700586794011e-96 2.619618788540619050e-246
7.052000000000000490e-01 7.130161009028672302e-13 1.813237790515969883e-99 1.491727317978800818e-255
7.053000000000000380e-01 2.969187678353122787e-13 3.808968620915401925e-103 6.056125648684331241e-265
7.053999999999999160e-01 1.220812586189033945e-13 7.001750391368441232e-107 1.759343637585073878e-274
7.054999999999999050e-01 4.956737045098257573e-14 1.127960183644444055e-110 3.670889559733669779e-284
7.056000000000000050e-01 1.987657221431420757e-14 1.594841107234953965e-114 0.000000000000000000e+00
7.056999999999999940e-01 7.873171710180450932e-15 1.982136000468751993e-118 0.000000000000000000e+00
7.057999999999999829e-01 3.080953687493917317e-15 2.168727631988227463e-122 0.000000000000000000e+00
7.059000000000000830e-01 1.191278008692691885e-15 2.092196952582749495e-126 0.000000000000000000e+00
7.059999999999999609e-01 4.551972002277299363e-16 1.782394618388598362e-130 0.000000000000000000e+00
7.060999999999999499e-01 1.719139981680880874e-16 1.343055525131229690e-134 0.000000000000000000e+00
7.061999999999999389e-01 6.418233339697102712e-17 8.965308912769836697e-139 0.000000000000000000e+00
7.062999999999999279e-01 2.369084072062186007e-17 5.310280066342311477e-143 0.000000000000000000e+00
7.064000000000000279e-01 8.647189263491805590e-18 2.795487038202863274e-147 0.000000000000000000e+00
7.065000000000000169e-01 3.121537055929094133e-18 1.310085852295684452e-151 0.000000000000000000e+00
7.065999999999998948e-01 1.114631435593215713e-18 5.474770195463798717e-156 0.000000000000000000e+00
7.066999999999998838e-01 3.937624254804980135e-19 2.043548060633312105e-160 0.000000000000000000e+00
7.067999999999999838e-01 1.376414008695530850e-19 6.824846854262973084e-165 0.000000000000000000e+00
7.068999999999999728e-01 4.761546907479907428e-20 2.042836585167928995e-169 0.000000000000000000e+00
7.069999999999999618e-01 1.630437922875037096e-20 5.489816966383986621e-174 0.000000000000000000e+00
7.071000000000000618e-01 5.527025139149513051e-21 1.326855903667522814e-178 0.000000000000000000e+00
7.071999999999999398e-01 1.855171392144454517e-21 2.889327111323970436e-183 0.000000000000000000e+00
7.072999999999999288e-01 6.166762501084542294e-22 5.678705663215145715e-188 0.000000000000000000e+00
7.073999999999999178e-01 2.030424533249093578e-22 1.009163556186422112e-192 0.000000000000000000e+00
7.074999999999999067e-01 6.622919634891108544e-23 1.624502418104921145e-197 0.000000000000000000e+00
7.076000000000000068e-01 2.140535212232449303e-23 2.373121553856835163e-202 0.000000000000000000e+00
7.076999999999999957e-01 6.856199954035498710e-24 3.151822604479829217e-207 0.000000000000000000e+00
7.077999999999999847e-01 2.176764368336238491e-24 3.812888810426247665e-212 0.000000000000000000e+00
7.078999999999998627e-01 6.851498043769838581e-25 4.209326251797883548e-217 0.000000000000000000e+00
7.079999999999999627e-01 2.138384705588594528e-25 4.248734427185248956e-222 0.000000000000000000e+00
7.080999999999999517e-01 6.619009632310607539e-26 3.928480117336844398e-227 0.000000000000000000e+00
7.081999999999999407e-01 2.032302827972805050e-26 3.333832852792905992e-232 0.000000000000000000e+00
7.083000000000000407e-01 6.190904376368705187e-27 2.601719732853704188e-237 0.000000000000000000e+00
7.084000000000000297e-01 1.871426309037268159e-27 1.870787755263491071e-242 0.000000000000000000e+00
7.084999999999999076e-01 5.614714465191795990e-28 1.241916557315225515e-247 0.000000000000000000e+00
7.085999999999998966e-01 1.672256639039205524e-28 7.626536893569082194e-253 0.000000000000000000e+00
7.086999999999998856e-01 4.945191700064285307e-29 4.341092818527156195e-258 0.000000000000000000e+00
7.087999999999999856e-01 1.452290702232362782e-29 2.295004794952579083e-263 0.000000000000000000e+00
7.088999999999999746e-01 4.236430654691734418e-30 1.129180459708511332e-268 0.000000000000000000e+00
7.089999999999999636e-01 1.227748120829224002e-30 5.181159299624722071e-274 0.000000000000000000e+00
7.090999999999998415e-01 3.535641321551904337e-31 2.221616273908852007e-279 0.000000000000000000e+00
7.091999999999999416e-01 1.011962871640129660e-31 8.877051778882395993e-285 0.000000000000000000e+00
7.092999999999999305e-01 2.879298566170707137e-32 0.000000000000000000e+00 0.000000000000000000e+00
7.093999999999999195e-01 8.145606480736428381e-33 0.000000000000000000e+00 0.000000000000000000e+00
7.095000000000000195e-01 2.291733768766401736e-33 0.000000000000000000e+00 0.000000000000000000e+00
7.096000000000000085e-01 6.413555702330095613e-34 0.000000000000000000e+00 0.000000000000000000e+00
7.096999999999998865e-01 1.785739168326805181e-34 0.000000000000000000e+00 0.000000000000000000e+00
7.097999999999998755e-01 4.947805431954303547e-35 0.000000000000000000e+00 0.000000000000000000e+00
7.098999999999999755e-01 1.364501814119135786e-35 0.000000000000000000e+00 0.000000000000000000e+00
7.099999999999999645e-01 3.746230481211723418e-36 0.000000000000000000e+00 0.000000000000000000e+00
