#     theta/pi                    M=1000                   M=10000                 M=25000

6.900000000000000577e-01 2.244082747106416605e-38 0.000000000000000000e+00 0.000000000000000000e+00
6.901000000000000467e-01 1.032873232933023228e-37 0.000000000000000000e+00 0.000000000000000000e+00
6.902000000000001467e-01 4.727248714738914912e-37 0.000000000000000000e+00 0.000000000000000000e+00
6.903000000000001357e-01 2.150627876496900956e-36 0.000000000000000000e+00 0.000000000000000000e+00
6.904000000000000137e-01 9.722101878500418745e-36 0.000000000000000000e+00 0.000000000000000000e+00
6.905000000000000027e-01 4.365525928546618316e-35 0.000000000000000000e+00 0.000000000000000000e+00
6.906000000000001027e-01 1.946430084571336152e-34 0.000000000000000000e+00 0.000000000000000000e+00
6.907000000000000917e-01 8.614146401871882623e-34 0.000000000000000000e+00 0.000000000000000000e+00
6.908000000000000806e-01 3.782713523387532173e-33 0.000000000000000000e+00 0.000000000000000000e+00
6.909000000000000696e-01 1.647632324191501987e-32 0.000000000000000000e+00 0.000000000000000000e+00
6.909999999999999476e-01 7.115937749641689818e-32 0.000000000000000000e+00 0.000000000000000000e+00
6.911000000000000476e-01 3.046280373547893970e-31 0.000000000000000000e+00 0.000000000000000000e+00
6.912000000000000366e-01 1.292189173232288916e-30 0.000000000000000000e+00 0.000000000000000000e+00
6.913000000000000256e-01 5.429442122599507896e-30 0.000000000000000000e+00 0.000000000000000000e+00
6.914000000000001256e-01 2.258985725894020297e-29 0.000000000000000000e+00 0.000000000000000000e+00
6.915000000000001146e-01 9.303775102945587972e-29 0.000000000000000000e+00 0.000000000000000000e+00
6.915999999999999925e-01 3.791863539795378521e-28 0.000000000000000000e+00 0.000000000000000000e+00
6.916999999999999815e-01 1.528820384499101729e-27 0.000000000000000000e+00 0.000000000000000000e+00
6.918000000000000815e-01 6.095863185291015670e-27 0.000000000000000000e+00 0.000000000000000000e+00
6.919000000000000705e-01 2.403011998986282154e-26 0.000000000000000000e+00 0.000000000000000000e+00
6.920000000000000595e-01 9.362417360101002876e-26 0.000000000000000000e+00 0.000000000000000000e+00
6.921000000000000485e-01 3.604152298954645547e-25 0.000000000000000000e+00 0.000000000000000000e+00
6.921999999999999265e-01 1.370488986359750063e-24 1.230874775822669177e-289 0.000000000000000000e+00
6.923000000000000265e-01 5.146143992967389936e-24 3.690838685978480065e-283 0.000000000000000000e+00
6.924000000000000155e-01 1.907662341161232183e-23 9.762071423257614448e-277 0.000000000000000000e+00
6.925000000000000044e-01 6.979367190914757843e-23 2.271351144549673317e-270 0.000000000000000000e+00
6.926000000000001044e-01 2.519474255942219615e-22 4.636577587111716657e-264 0.000000000000000000e+00
6.927000000000000934e-01 8.971604430679832527e-22 8.282345712074389574e-258 0.000000000000000000e+00
6.928000000000000824e-01 3.150548923061374540e-21 1.291366732189098766e-251 0.000000000000000000e+00
6.928999999999999604e-01 1.090813502378712515e-20 1.753115202354869429e-245 0.000000000000000000e+00
6.930000000000000604e-01 3.722698339151310896e-20 2.067219524071331136e-239 0.000000000000000000e+00
6.931000000000000494e-01 1.252004248595086016e-19 2.112297999265660569e-233 0.000000000000000000e+00
6.932000000000000384e-01 4.148533374348827483e-19 1.866035574291579317e-227 0.000000000000000000e+00
6.933000000000000274e-01 1.354026210893366523e-18 1.422037335395649774e-221 0.000000000000000000e+00
6.934000000000001274e-01 4.352199286762968739e-18 9.327926188541256142e-216 0.000000000000000000e+00
6.935000000000000053e-01 1.377361251255001712e-17 5.255636111189701955e-210 0.000000000000000000e+00
6.935999999999999943e-01 4.290966613057985927e-17 2.538288072244821382e-204 0.000000000000000000e+00
6.936999999999999833e-01 1.315661057342028505e-16 1.048739119374075104e-198 0.000000000000000000e+00
6.938000000000000833e-01 3.969451912167940335e-16 3.699699670784239473e-193 0.000000000000000000e+00
6.939000000000000723e-01 1.178238826084105319e-15 1.112308479890388517e-187 0.000000000000000000e+00
6.940000000000000613e-01 3.440119772465094107e-15 2.844832877752122066e-182 0.000000000000000000e+00
6.940999999999999392e-01 9.878135596584318285e-15 6.178732208415671827e-177 0.000000000000000000e+00
6.942000000000000393e-01 2.789098503258819203e-14 1.137670880155406945e-171 0.000000000000000000e+00
6.943000000000000282e-01 7.742281085439194540e-14 1.772952282116954399e-166 0.000000000000000000e+00
6.944000000000000172e-01 2.112620388445713727e-13 2.334821785940709836e-161 0.000000000000000000e+00
6.945000000000000062e-01 5.665720348810953330e-13 2.594324239667118962e-156 0.000000000000000000e+00
6.946000000000001062e-01 1.493158949600732955e-12 2.428679699824311848e-151 0.000000000000000000e+00
6.946999999999999842e-01 3.866452513247818717e-12 1.912833456672095279e-146 0.000000000000000000e+00
6.947999999999999732e-01 9.835940729422569820e-12 1.265767552994807929e-141 0.000000000000000000e+00
6.948999999999999622e-01 2.457869881234403808e-11 7.028016687492638190e-137 0.000000000000000000e+00
6.950000000000000622e-01 6.032358024897347075e-11 3.270157310435666207e-132 0.000000000000000000e+00
6.951000000000000512e-01 1.453946095276889048e-10 1.273617712984901048e-127 0.000000000000000000e+00
6.952000000000000401e-01 3.441061575686193975e-10 4.147093992337535109e-123 0.000000000000000000e+00
6.953000000000001402e-01 7.995979836822669855e-10 1.127728718792379284e-118 1.201934479142336752e-281
6.954000000000000181e-01 1.824065260936813960e-09 2.558376997680025871e-114 5.528295692037112593e-271
6.955000000000000071e-01 4.084650931087716615e-09 4.837132048482448290e-110 1.573947842727047122e-260
6.955999999999999961e-01 8.977883623691286883e-09 7.614827307080500557e-106 2.833241027592332562e-250
6.957000000000000961e-01 1.936680847007303638e-08 9.972099683239034862e-102 3.217330879806932229e-240
6.958000000000000851e-01 4.099867763341198076e-08 1.085409183717295266e-97 2.299863117340904704e-230
6.959000000000000741e-01 8.516751647254417323e-08 9.811296872125117581e-94 1.032824719527177430e-220
6.959999999999999520e-01 1.735949374863365366e-07 7.359538582343882737e-90 2.908321325153307110e-211
6.960999999999999410e-01 3.471583292906705457e-07 4.577731805593152548e-86 5.125894124197906112e-202
6.962000000000000410e-01 6.811080293117816438e-07 2.359548153119834276e-82 5.645149739856155613e-193
6.963000000000000300e-01 1.310915087015998130e-06 1.007181427270046682e-78 3.878581607000949715e-184
6.964000000000000190e-01 2.475012381393513230e-06 3.558170053194729942e-75 1.660046233588470469e-175
6.965000000000001190e-01 4.583532739195830310e-06 1.039784630328770618e-71 4.419973447263747443e-167
6.965999999999999970e-01 8.325706641879516260e-06 2.512076429997394389e-68 7.311682025215007161e-159
6.966999999999999860e-01 1.483266070654263118e-05 5.015188831510005092e-65 7.505881732084602635e-151
6.967999999999999750e-01 2.591643718154216529e-05 8.270195725359384569e-62 4.776430425785546101e-143
6.969000000000000750e-01 4.440916035658567726e-05 1.126014411165328209e-58 1.882323136660754286e-135
6.970000000000000639e-01 7.462687335222757342e-05 1.265358551824248266e-55 4.589717210425909101e-128
6.971000000000000529e-01 1.229785440877665542e-04 1.173228245629663364e-52 6.918793308308021263e-121
6.971999999999999309e-01 1.987295455156751136e-04 8.972718551141324315e-50 6.443443243550401900e-114
6.972999999999999199e-01 3.149079652854370982e-04 5.658833580414489525e-47 3.704909275348827705e-107
6.974000000000000199e-01 4.893094576430323571e-04 2.942353821926530338e-44 1.314544249541775277e-100
6.975000000000000089e-01 7.455117074790146335e-04 1.261091170716853819e-41 2.876827309583043441e-94
6.975999999999999979e-01 1.113755393517615972e-03 4.454661331951668443e-39 3.881792152821566267e-88
6.977000000000000979e-01 1.631491088006924552e-03 1.296721567508475653e-36 3.228531337983128460e-82
6.978000000000000869e-01 2.343341457974734612e-03 3.110310717965971209e-34 1.654783014280783672e-76
6.978999999999999648e-01 3.300200066274224485e-03 6.146964071737414859e-32 5.226170688985246332e-71
6.979999999999999538e-01 4.557198890551300390e-03 1.000934634845203662e-29 1.016972581904023107e-65
6.981000000000000538e-01 6.170342274004894829e-03 1.342889817199558301e-27 1.219347519521790869e-60
6.982000000000000428e-01 8.191735774085282321e-03 1.484496186442027404e-25 9.009072602844147388e-56
6.983000000000000318e-01 1.066353413471532625e-02 1.352225006511795502e-23 4.102422692872370432e-51
6.984000000000000208e-01 1.361097844669414449e-02 1.015055100014575483e-21 1.151629948815715265e-46
6.984999999999998987e-01 1.703515684653283263e-02 6.279902618858594800e-20 1.993575808282856608e-42
6.985999999999999988e-01 2.090635934586613717e-02 3.202600233549645576e-18 2.128947011892156569e-38
6.986999999999999877e-01 2.515905061986953989e-02 1.346526162506468178e-16 1.403148857328782160e-34
6.987999999999999767e-01 2.968950199131346543e-02 4.668489974682979148e-15 5.710483778119148678e-31
6.989000000000000767e-01 3.435696781124865373e-02 1.335015695679371656e-13 1.435900151409594620e-27
6.990000000000000657e-01 3.898895216195954333e-02 3.149593979361750819e-12 2.232223434720978768e-24
6.990999999999999437e-01 4.339061582860610777e-02 6.131998028755220443e-11 2.146943282850480168e-21
6.991999999999999327e-01 4.735778493101766573e-02 9.855087674085613682e-10 1.278519681981385539e-18
6.993000000000000327e-01 5.069243533783877181e-02 1.307893869414273028e-08 4.718014370329572994e-16
6.994000000000000217e-01 5.321904821210354103e-02 1.433808012996447853e-07 1.079849737355525679e-13
6.995000000000000107e-01 5.479996030014443187e-02 1.298910619868358111e-06 1.534378878309628479e-11
6.995999999999999996e-01 5.534783523234072106e-02 9.727712554521107864e-06 1.354894435602500025e-09
6.996999999999999886e-01 5.483367792558221238e-02 6.025163198216969740e-05 7.442951374745500525e-08
6.997999999999999776e-01 5.328936605180105424e-02 3.087783158321060232e-04 2.546476538891863341e-06
6.998999999999999666e-01 5.080439269048041967e-02 1.309928620811062197e-03 5.432516771869347219e-05
6.999999999999999556e-01 4.751728133777079199e-02 4.602394496490479041e-03 7.235447001075785830e-04
7.001000000000000556e-01 4.360281836628843166e-02 1.339915326842129953e-02 6.024098707552932343e-03
7.002000000000000446e-01 3.925673692769579559e-02 3.234144206938704968e-02 3.139524996211519314e-02
7.003000000000000336e-01 3.467970859513958698e-02 6.475454875978667313e-02 1.025620242575053659e-01
7.003999999999999115e-01 3.006243587140858264e-02 1.076116889633086382e-01 2.103236933357717497e-01
7.005000000000000115e-01 2.557332405652859575e-02 1.485200820130753996e-01 2.711560430080395823e-01
7.006000000000000005e-01 2.134972055350466830e-02 1.703391890593256019e-01 2.201163761808880015e-01
7.006999999999999895e-01 1.749314185643435077e-02 1.624513833798562346e-01 1.126890314217256217e-01
7.008000000000000895e-01 1.406836258200076274e-02 1.289128047777046981e-01 3.644373587825369687e-02
7.009000000000000785e-01 1.110579830417501163e-02 8.517758954608169175e-02 7.457839759705105209e-03
7.009999999999999565e-01 8.606325333285289730e-03 4.689348397618621489e-02 9.674088881473229436e-04
7.010999999999999455e-01 6.547561727887439911e-03 2.152618313176735826e-02 7.968795630118191708e-05
7.011999999999999345e-01 4.890669110154704201e-03 8.245303527901867019e-03 4.175996895400012770e-06
7.013000000000000345e-01 3.586886338398464699e-03 2.637285676895330215e-03 1.394864823173987407e-07
7.014000000000000234e-01 2.583225162812813770e-03 7.049405217805684420e-04 2.975420236054759879e-09
7.015000000000000124e-01 1.826996491833380015e-03 1.575920709603113488e-04 4.061331625362609072e-11
7.015999999999998904e-01 1.269054530970279392e-03 2.948849022842977302e-05 3.554446942971228556e-13
7.016999999999999904e-01 8.658189956361527027e-04 4.622367972715620299e-06 1.998748545169400240e-15
7.017999999999999794e-01 5.802513236607935313e-04 6.074849988946493370e-07 7.236780049281658789e-18
7.018999999999999684e-01 3.820200273166449363e-04 6.699441724927993172e-08 1.690719313168597818e-20
7.020000000000000684e-01 2.471022182523605407e-04 6.205178183855995100e-09 2.554427454874926445e-23
7.021000000000000574e-01 1.570464183195954485e-04 4.831373716586820212e-10 2.501425418792425601e-26
7.021999999999999353e-01 9.808022614657441760e-05 3.165070606657426386e-11 1.591286449658996126e-29
7.022999999999999243e-01 6.019755495190266185e-05 1.746206897710416486e-12 6.591581938806462179e-33
7.023999999999999133e-01 3.631306790303977477e-05 8.121160168087137320e-14 1.782147934710730452e-36
7.025000000000000133e-01 2.153164623298941730e-05 3.186900209291001142e-15 3.152546706516207418e-40
7.026000000000000023e-01 1.255064424871418954e-05 1.056263170550258857e-16 3.657735700740403918e-44
7.026999999999999913e-01 7.192408649395259756e-06 2.959795229414545492e-18 2.790511562547457488e-48
7.028000000000000913e-01 4.052733767315631959e-06 7.019026623087831814e-20 1.403401802355663274e-52
7.028999999999999693e-01 2.245607162490852712e-06 1.410148605718581203e-21 4.664779565174784525e-57
7.029999999999999583e-01 1.223710979635607113e-06 2.402591424122842280e-23 1.027480167984045056e-61
7.030999999999999472e-01 6.558906339370875302e-07 3.475229318378686005e-25 1.503728416589520721e-66
7.032000000000000473e-01 3.458122755091938478e-07 4.272126737302432574e-27 1.466214238337438934e-71
7.033000000000000362e-01 1.793723310665337061e-07 4.468251883241480016e-29 9.551111703923458543e-77
7.034000000000000252e-01 9.154339125747189372e-08 3.980584792092093699e-31 4.168244677713318939e-82
7.034999999999999032e-01 4.597335827090525622e-08 3.023860656167393458e-33 1.222158346775574035e-87
7.035999999999998922e-01 2.272192377194052032e-08 1.961007975835660910e-35 2.414497722143584891e-93
7.036999999999999922e-01 1.105341086637468465e-08 1.086935391410288838e-37 3.223435933151622043e-99
7.037999999999999812e-01 5.293139530184428974e-09 5.155206084481194959e-40 2.916687319653978049e-105
7.038999999999999702e-01 2.495458848336439316e-09 2.094712649983352375e-42 1.794083830677680547e-111
7.040000000000000702e-01 1.158410565640898989e-09 7.300695403043171020e-45 7.524866785141829080e-118
7.040999999999999481e-01 5.295480588016624523e-10 2.185232291897745370e-47 2.158723738630106941e-124
7.041999999999999371e-01 2.384160719701560956e-10 5.624240420029337767e-50 4.249072737148665977e-131
7.042999999999999261e-01 1.057329182837223530e-10 1.246261946177837680e-52 5.756579700432525242e-138
7.044000000000000261e-01 4.619420289993571625e-11 2.380604782357815743e-55 5.385180669242329150e-145
7.045000000000000151e-01 1.988502266023019776e-11 3.925166812553394923e-58 3.489886545771367301e-152
7.046000000000000041e-01 8.435010070115730789e-12 5.593570815238901643e-61 1.571901121202331047e-159
7.046999999999998820e-01 3.526357463885408458e-12 6.898501215418467081e-64 4.937275687606918658e-167
7.047999999999999821e-01 1.453146337712532738e-12 7.372865799528141481e-67 1.085077800322906649e-174
7.048999999999999710e-01 5.903322336972617499e-13 6.837893204253322249e-70 1.674274239195626314e-182
7.049999999999999600e-01 2.364560210499130974e-13 5.510717501019330171e-73 1.820049398150577151e-190
7.050999999999999490e-01 9.339730906341252396e-14 3.864526709044872355e-76 1.398772406092359878e-198
7.052000000000000490e-01 3.638418050309022712e-14 2.361545544005699725e-79 7.626977769345099361e-207
7.053000000000000380e-01 1.398137838082278853e-14 1.259287066901714086e-82 2.961089347121092084e-215
7.053999999999999160e-01 5.300443623061212549e-15 5.868203537868599092e-86 8.215122642929372417e-224
7.054999999999999050e-01 1.982739876487823983e-15 2.393140832960150115e-89 1.634661573165212541e-232
7.056000000000000050e-01 7.319438723248902443e-16 8.553654748830703439e-93 2.341523615819554898e-241
7.056999999999999940e-01 2.666958965829360079e-16 2.683492080526405371e-96 2.423536841460764749e-250
7.057999999999999829e-01 9.592905772042766542e-17 7.400582321365918505e-100 1.819376212213271969e-259
7.059000000000000830e-01 3.406817461979898357e-17 1.796831473807935884e-103 9.944352707412863328e-269
7.059999999999999609e-01 1.194765625693892083e-17 3.846720633422935846e-107 3.972633840461251167e-278
7.060999999999999499e-01 4.138308348960928066e-18 7.272585591685794857e-111 0.000000000000000000e+00
7.061999999999999389e-01 1.415927876428171983e-18 1.216135728474080271e-114 0.000000000000000000e+00
7.062999999999999279e-01 4.786413734538509449e-19 1.801596207551333364e-118 0.000000000000000000e+00
7.064000000000000279e-01 1.598834828446933669e-19 2.368150722663198122e-122 0.000000000000000000e+00
7.065000000000000169e-01 5.278316709267749535e-20 2.766553191707923232e-126 0.000000000000000000e+00
7.065999999999998948e-01 1.722506108608954188e-20 2.877099702067964473e-130 0.000000000000000000e+00
7.066999999999998838e-01 5.557447332987805734e-21 2.667917887719611910e-134 0.000000000000000000e+00
7.067999999999999838e-01 1.773028665507485537e-21 2.209602596371874011e-138 0.000000000000000000e+00
7.068999999999999728e-01 5.594474647221038291e-22 1.637229627335167429e-142 0.000000000000000000e+00
7.069999999999999618e-01 1.746160364153247240e-22 1.087164592777795094e-146 0.000000000000000000e+00
7.071000000000000618e-01 5.392238485198492404e-23 6.480594757033908756e-151 0.000000000000000000e+00
7.071999999999999398e-01 1.647759664339506052e-23 3.473912389826152769e-155 0.000000000000000000e+00
7.072999999999999288e-01 4.983550750208663265e-24 1.677508880844810218e-159 0.000000000000000000e+00
7.073999999999999178e-01 1.492056764353541240e-24 7.309997811626211737e-164 0.000000000000000000e+00
7.074999999999999067e-01 4.422982454657890528e-25 2.879701785934212699e-168 0.000000000000000000e+00
7.076000000000000068e-01 1.298408133941651477e-25 1.027386641206960101e-172 0.000000000000000000e+00
7.076999999999999957e-01 3.775346942183636923e-26 3.325535354875514384e-177 0.000000000000000000e+00
7.077999999999999847e-01 1.087517822156463216e-26 9.784134463021249975e-182 0.000000000000000000e+00
7.078999999999998627e-01 3.104093303506395960e-27 2.621290401765268946e-186 0.000000000000000000e+00
7.079999999999999627e-01 8.780874303046449475e-28 6.406858730810768009e-191 0.000000000000000000e+00
7.080999999999999517e-01 2.462248280231427004e-28 1.431279682953928521e-195 0.000000000000000000e+00
7.081999999999999407e-01 6.845485059474998949e-29 2.928005389490790790e-200 0.000000000000000000e+00
7.083000000000000407e-01 1.887308307383499662e-29 5.495566096261360595e-205 0.000000000000000000e+00
7.084000000000000297e-01 5.161029885254915484e-30 9.481517512737965886e-210 0.000000000000000000e+00
7.084999999999999076e-01 1.400148699641542626e-30 1.506628431702985094e-214 0.000000000000000000e+00
7.085999999999998966e-01 3.769174833760399003e-31 2.209233902348896051e-219 0.000000000000000000e+00
7.086999999999998856e-01 1.007032526122870322e-31 2.995263458857713499e-224 0.000000000000000000e+00
7.087999999999999856e-01 2.670897665494276397e-32 3.762208146511485837e-229 0.000000000000000000e+00
7.088999999999999746e-01 7.033632044203002580e-33 4.386597241480926724e-234 0.000000000000000000e+00
7.089999999999999636e-01 1.839515519023543828e-33 4.757277077666135448e-239 0.000000000000000000e+00
7.090999999999998415e-01 4.778835652413815488e-34 4.808495974850449745e-244 0.000000000000000000e+00
7.091999999999999416e-01 1.233472882473447478e-34 4.539000537062087647e-249 0.000000000000000000e+00
7.092999999999999305e-01 3.163884708276156321e-35 4.009562150488563288e-254 0.000000000000000000e+00
7.093999999999999195e-01 8.066599328708719737e-36 3.321317249541688905e-259 0.000000000000000000e+00
7.095000000000000195e-01 2.044725249414197825e-36 2.585214967773314161e-264 0.000000000000000000e+00
7.096000000000000085e-01 5.154072012268861748e-37 1.894772712756664358e-269 0.000000000000000000e+00
7.096999999999998865e-01 1.292212716667401959e-37 1.310381999296574889e-274 0.000000000000000000e+00
7.097999999999998755e-01 3.223168653723957575e-38 8.568996379790597779e-280 0.000000000000000000e+00
7.098999999999999755e-01 8.000102194418994945e-39 5.309684208847878482e-285 0.000000000000000000e+00
7.099999999999999645e-01 1.976377947564736375e-39 3.124173938320166491e-290 0.000000000000000000e+00
